Vec Object: 2 MPI processes
  type: mpi
Process [0]
0.0014554
0.00343052
0.010684
0.00695025
0.0138266
0.0219982
0.00993205
0.00780168
0.0114225
0.0125622
0.00825819
0.00658638
0.00564505
0.00397243
0.00556091
0.0033751
0.00386946
0.00810302
0.0031972
0.00808793
0.00401737
0.00216125
0.00600083
0.003398
0.00966423
0.0039545
0.0118953
0.00156578
0.00512563
0.00176071
0.00605147
0.00350379
0.00146612
0.0104222
0.00174066
0.0102248
0.00373368
0.00152117
0.000427351
0.00515554
0.000711122
0.00539107
0.00111236
0.00108986
0.00328412
0.000205066
0.0100402
0.000235629
0.0105046
0.00253496
0.000833579
0.000382365
0.00138977
6.75428e-05
0.00544732
9.66191e-05
0.00425912
0.000835139
0.000497093
0.00105113
0.000228356
0.00277198
2.18447e-05
0.0101522
1.98815e-05
0.00156735
0.000837934
0.00015006
0.00129318
3.04066e-05
0.00155922
1.04285e-05
0.00547302
1.43635e-05
0.000179811
0.00055637
0.000443042
1.67627e-05
7.51155e-05
0.00401402
0.0101875
1.17493e-06
0.000259552
3.81316e-06
7.90827e-06
0.00206339
0.00565725
1.12272e-06
0.000111248
0.00123784
6.11321e-06
2.19209e-06
0.00344979
0.00937876
2.71032e-05
0.000284281
1.92732e-06
1.35064e-06
0.00165421
0.0049912
0.000186412
1.8414e-05
0.00105832
0.003123
0.00823893
4.33821e-05
5.17216e-06
0.000256127
0.00133227
0.00406411
2.68515e-05
0.000184812
0.0008586
0.00252963
0.00620619
1.1439e-05
6.19739e-05
0.000263994
0.000797065
0.00333595
3.35081e-05
0.000192167
0.000551671
0.00135686
0.00331186
5.50063e-05
0.000158537
0.000374274
0.000629884
0.00173663
1.73095e-05
8.98191e-05
0.000292368
0.00273009
8.20133e-06
0.0014396
0.00238833
0.00492691
0.00196336
0.0158879
0.00398674
0.00102326
0.0192021
0.0243214
0.00725395
0.00196223
0.000448524
0.0151325
0.0465949
0.0276628
0.00827435
0.00250956
0.000677324
0.000131966
0.0174018
0.0279311
0.0910798
0.00797126
0.00254211
0.000760182
0.000186585
0.0536753
-0.0195436
0.00694565
0.00236227
0.000737667
0.000203268
0.0839745
0.0329571
0.0594919
-0.156567
0.000687667
0.000200649
-0.168792
0.0882562
0.039818
0.0616429
0.000194714
-0.186157
0.0902733
0.0214522
0.0418891
0.0628855
-0.186744
0.0915543
0.0275032
0.0433145
0.0633134
-0.186718
0.0919725
0.030095
0.0438186
0.0633834
-0.186655
0.092058
0.0309179
0.0438805
0.0633938
-0.186619
0.0920756
0.0309718
0.0439033
0.0633846
-0.186605
0.0920791
0.0311087
0.0438511
0.0633491
-0.186604
0.092076
0.0310072
0.0436586
0.0633295
-0.18659
0.0920296
0.0304795
0.0434331
0.063803
-0.186459
0.0920249
0.02938
0.0435617
0.0672366
-0.185862
0.0942591
0.0278848
0.0449378
0.0725906
-0.183743
0.108062
0.0445277
-0.170393
0.114349
0.0445383
-0.0448671
0.114201
0.0698456
-0.0446702
0.106379
0.0345089
0.0653649
-0.171178
0.0925323
0.0420571
0.063155
-0.185029
0.0910483
0.0232152
0.0433258
0.0632224
-0.186601
0.0916616
0.0281889
0.0437291
0.0633698
-0.186778
0.092073
0.0301924
0.0437199
0.063453
-0.186592
0.0926406
0.0301354
0.0440853
0.0630283
-0.186093
0.0937161
0.0304234
0.044233
-0.184749
0.0308869
Process [1]
1.89069e-10
1.39296e-09
7.52273e-10
4.16745e-10
1.63261e-10
2.84942e-05
4.14426e-05
1.42039e-06
4.56801e-05
2.54489e-06
2.28724e-07
4.65558e-05
3.26407e-06
4.39104e-07
3.90809e-08
4.73583e-05
3.64684e-06
5.67301e-07
7.46433e-08
6.08864e-09
3.72846e-06
6.67535e-07
9.77876e-08
1.24495e-08
1.10216e-09
7.89048e-07
1.20599e-07
1.67603e-08
2.06704e-09
1.54985e-07
2.15562e-08
2.88251e-09
2.55589e-10
2.92281e-08
3.83525e-09
6.05747e-10
5.39512e-09
7.77377e-10
3.51143e-10
1.0195e-09
3.49204e-10
1.24504e-09
2.81033e-10
8.85009e-10
7.32754e-09
7.34699e-10
4.1065e-09
3.44772e-08
3.43901e-09
2.00449e-08
3.39973e-08
1.57963e-07
1.69951e-08
9.79738e-08
1.44128e-07
7.22851e-07
8.36742e-08
4.71581e-07
6.4975e-07
1.07595e-07
3.22306e-06
4.05495e-07
2.20664e-06
2.91401e-06
4.47183e-07
1.3826e-05
1.91442e-06
9.97385e-06
1.25778e-05
2.06871e-06
5.67156e-05
8.74665e-06
4.32549e-05
5.20899e-05
9.00578e-06
0.000220189
3.83953e-05
0.000178491
0.000201816
3.90639e-05
0.000801788
0.000160501
0.000694639
0.000723199
0.000149174
0.00267594
0.000632732
0.00252433
0.000521782
0.00226467
0.00775689
0.00233532
0.00844816
0.00161908
0.00538237
0.0170383
0.0643685
0.00813612
0.0247176
0.0033121
0.0073989
0.0187486
0.093627
0.0444673
0.063854
0.0279246
0.0465621
0.0027235
0.00146293
0.0142197
-0.185493
0.0927384
0.0313304
0.0432764
0.06297
0.0910669
0.0275484
0.0167072
-0.186189
0.0918701
0.0296018
0.0428843
0.0616755
0.00672823
-0.0199016
0.0554335
-0.186527
0.0906347
0.0294831
0.0418163
0.0595795
-0.156677
0.0845245
-0.186742
0.0884253
0.0279101
0.042146
-0.168752
-0.185904
1.06935e-10
-6.68712e-11
4.66533e-09
1.52048e-08
0.00171702
0.00205276
0.0213472
0.0140182
0.00744674
0.00291811
0.00436363
3.51849e-05
0.00113549
0.0108885
0.000438947
1.12153e-05
0.000100048
0.00122371
0.00401781
6.64742e-05
1.60752e-07
3.79565e-07
3.25747e-05
0.000803045
0.00395247
0.00860864
1.18742e-05
1.41276e-07
8.85152e-09
8.19289e-05
0.000150852
0.00228185
0.00369929
4.60535e-07
4.59182e-07
3.45036e-08
3.23027e-09
1.89242e-05
0.000170586
0.000975283
0.00358189
8.31513e-08
3.23537e-07
6.44784e-06
1.99204e-08
5.57074e-09
8.27037e-05
0.00064733
0.000956945
0.00130678
0.00542564
2.35584e-06
1.14733e-08
9.12635e-08
1.53604e-06
7.09762e-09
2.23909e-09
2.19142e-05
8.21997e-05
0.000271742
0.00144376
0.00215301
1.81181e-07
3.6823e-08
9.20682e-07
5.14935e-08
1.43062e-05
3.52159e-09
1.045e-09
9.09343e-05
0.0001375
0.000387552
0.000836106
0.00259751
5.92428e-06
6.5286e-08
1.14138e-08
3.5484e-07
2.902e-08
3.01539e-06
3.23217e-09
2.98814e-10
3.68516e-05
7.83484e-05
0.000174557
0.00512691
3.58581e-06
1.85115e-07
3.15009e-09
1.69572e-06
1.8552e-07
1.75825e-08
6.51035e-06
1.91506e-09
1.74493e-09
2.02825e-05
5.75928e-05
0.00618022
-4.6657e-08
6.67534e-08
3.6402e-08
1.17767e-06
3.08588e-07
1.31768e-08
3.19341e-06
6.20726e-10
3.84938e-10
0.00896526
7.69777e-06
2.14988e-07
2.45918e-08
7.18256e-07
7.48686e-08
6.12774e-09
5.39217e-09
7.17568e-10
3.93977e-09
0.0106088
4.01364e-07
8.85271e-08
9.91987e-09
3.12338e-08
3.41378e-08
2.77409e-09
1.21015e-10
9.07021e-10
1.68292e-08
1.71882e-09
9.29774e-09
2.5375e-10
2.76784e-10
3.08584e-09
5.35926e-09
4.41088e-10
1.59087e-09
1.90702e-10
