Mat Object: (p_) 2 MPI processes
  type: mpiaij
row 0: (0, 1.15159)  (1, -0.427427)  (19, -0.444765)  (277, -0.279403) 
row 1: (0, -0.427427)  (1, 1.02056)  (2, -0.378672)  (14, -0.214458) 
row 2: (1, -0.378672)  (2, 0.978473)  (13, -0.280109)  (308, -0.319691) 
row 3: (3, 1.39941)  (127, -0.380074)  (183, -0.495972)  (293, -0.523363) 
row 4: (4, 1.2493)  (192, -0.395672)  (193, -0.483699)  (293, -0.369929) 
row 5: (5, 1.59209)  (78, -0.539957)  (279, -0.398528)  (301, -0.653603) 
row 6: (6, 1.40524)  (146, -0.487208)  (181, -0.4958)  (302, -0.422234) 
row 7: (7, 1.48167)  (36, -0.372553)  (85, -0.448394)  (488, -0.660719) 
row 8: (8, 1.21025)  (35, -0.401236)  (36, -0.412667)  (49, -0.396343) 
row 9: (9, 1.3156)  (81, -0.572481)  (208, -0.241807)  (216, -0.501314) 
row 10: (10, 1.27227)  (208, -0.37263)  (238, -0.483524)  (339, -0.416117) 
row 11: (11, 1.1475)  (32, -0.339341)  (272, -0.435811)  (306, -0.372351) 
row 12: (12, 1.18466)  (201, -0.35732)  (306, -0.457576)  (336, -0.369768) 
row 13: (2, -0.280109)  (13, 1.19477)  (96, -0.361013)  (172, -0.553652) 
row 14: (1, -0.214458)  (14, 1.05118)  (96, -0.381306)  (97, -0.455416) 
row 15: (15, 0.884402)  (16, -0.238531)  (39, -0.35666)  (125, -0.28921) 
row 16: (15, -0.238531)  (16, 1.14359)  (124, -0.51152)  (195, -0.393537) 
row 17: (17, 1.51552)  (95, -0.491036)  (134, -0.488933)  (183, -0.535555) 
row 18: (18, 1.45629)  (133, -0.522875)  (134, -0.477339)  (290, -0.456077) 
row 19: (0, -0.444765)  (19, 1.11078)  (113, -0.391871)  (278, -0.274148) 
row 20: (20, 1.45296)  (180, -0.479105)  (277, -0.570215)  (308, -0.403638) 
row 21: (21, 1.06737)  (22, -0.418663)  (27, -0.298151)  (149, -0.350558) 
row 22: (21, -0.418663)  (22, 1.35649)  (72, -0.44656)  (174, -0.491263) 
row 23: (23, 1.38724)  (24, -0.443596)  (205, -0.499727)  (241, -0.443915) 
row 24: (23, -0.443596)  (24, 1.21561)  (150, -0.412221)  (284, -0.359796) 
row 25: (25, 0.9274)  (26, -0.235418)  (235, -0.290127)  (320, -0.401855) 
row 26: (25, -0.235418)  (26, 0.894976)  (106, -0.378688)  (312, -0.280869) 
row 27: (21, -0.298151)  (27, 0.998777)  (28, -0.269958)  (137, -0.430668) 
row 28: (27, -0.269958)  (28, 0.990532)  (163, -0.343014)  (285, -0.37756) 
row 29: (29, 0.930016)  (64, -0.371546)  (71, -0.31106)  (76, -0.24741) 
row 30: (30, 0.923491)  (76, -0.387355)  (165, -0.344163)  (221, -0.191973) 
row 31: (31, 1.10976)  (128, -0.395419)  (272, -0.430499)  (319, -0.283839) 
row 32: (11, -0.339341)  (32, 0.901708)  (237, -0.343853)  (287, -0.218513) 
row 33: (33, 0.980964)  (138, -0.389871)  (174, -0.267704)  (316, -0.32339) 
row 34: (34, 1.09904)  (56, -0.294237)  (164, -0.432093)  (174, -0.372707) 
row 35: (8, -0.401236)  (35, 1.25146)  (67, -0.345598)  (681, -0.504625) 
row 36: (7, -0.372553)  (8, -0.412667)  (36, 1.27633)  (121, -0.491114) 
row 37: (37, 1.27989)  (38, -0.383992)  (126, -0.39923)  (308, -0.496672) 
row 38: (37, -0.383992)  (38, 1.2373)  (51, -0.429068)  (89, -0.424239) 
row 39: (15, -0.35666)  (39, 1.13085)  (40, -0.355351)  (167, -0.418837) 
row 40: (39, -0.355351)  (40, 1.10567)  (112, -0.381074)  (114, -0.369243) 
row 41: (41, 0.992902)  (206, -0.142105)  (322, -0.407709)  (323, -0.443088) 
row 42: (42, 0.991106)  (206, -0.399411)  (239, -0.250379)  (324, -0.341316) 
row 43: (43, 0.712308)  (109, -0.199924)  (113, -0.318434)  (175, -0.19395) 
row 44: (44, 1.23752)  (109, -0.478406)  (176, -0.530138)  (189, -0.228973) 
row 45: (45, 0.895193)  (73, -0.311499)  (113, -0.217375)  (313, -0.366319) 
row 46: (46, 1.42502)  (73, -0.403804)  (143, -0.453686)  (253, -0.567529) 
row 47: (47, 1.43883)  (48, -0.31596)  (219, -0.463601)  (327, -0.659266) 
row 48: (47, -0.31596)  (48, 1.32485)  (247, -0.638534)  (248, -0.370353) 
row 49: (8, -0.396343)  (49, 1.19219)  (158, -0.374868)  (169, -0.420981) 
row 50: (50, 1.26418)  (145, -0.33807)  (289, -0.391237)  (297, -0.534874) 
row 51: (38, -0.429068)  (51, 1.28774)  (186, -0.417424)  (302, -0.441253) 
row 52: (52, 1.47551)  (116, -0.51512)  (187, -0.484141)  (301, -0.476253) 
row 53: (53, 1.77077)  (187, -0.592896)  (279, -0.546912)  (565, -0.630958) 
row 54: (54, 1.463)  (74, -0.495065)  (199, -0.493549)  (200, -0.474385) 
row 55: (55, 1.23278)  (61, -0.416757)  (74, -0.515001)  (269, -0.301024) 
row 56: (34, -0.294237)  (56, 1.00289)  (316, -0.293379)  (577, -0.415274) 
row 57: (57, 1.40528)  (155, -0.482267)  (223, -0.456289)  (306, -0.466721) 
row 58: (58, 1.34697)  (199, -0.42681)  (223, -0.47008)  (336, -0.450077) 
row 59: (59, 1.35914)  (131, -0.249748)  (325, -0.60862)  (327, -0.500768) 
row 60: (60, 1.32004)  (140, -0.470072)  (259, -0.389387)  (283, -0.460583) 
row 61: (55, -0.416757)  (61, 1.14069)  (244, -0.450374)  (255, -0.273556) 
row 62: (62, 1.1072)  (115, -0.340667)  (211, -0.240245)  (255, -0.526289) 
row 63: (63, 1.35529)  (76, -0.493585)  (110, -0.463396)  (282, -0.398314) 
row 64: (29, -0.371546)  (64, 1.08575)  (139, -0.403387)  (215, -0.310818) 
row 65: (65, 1.52056)  (168, -0.383773)  (251, -0.556252)  (274, -0.580536) 
row 66: (66, 1.54)  (168, -0.592721)  (232, -0.415451)  (295, -0.531827) 
row 67: (35, -0.345598)  (67, 0.745929)  (151, -0.214719)  (159, -0.185611) 
row 68: (68, 1.41357)  (102, -0.385138)  (103, -0.575675)  (329, -0.452756) 
row 69: (69, 0.91554)  (266, -0.604286)  (326, -0.311255) 
row 70: (70, 1.26463)  (139, -0.300117)  (325, -0.427543)  (345, -0.536974) 
row 71: (29, -0.31106)  (71, 1.12826)  (221, -0.320243)  (305, -0.49696) 
row 72: (22, -0.44656)  (72, 1.32417)  (253, -0.444362)  (291, -0.433248) 
row 73: (45, -0.311499)  (46, -0.403804)  (73, 1.00616)  (175, -0.290854) 
row 74: (54, -0.495065)  (55, -0.515001)  (74, 1.42854)  (75, -0.418475) 
row 75: (74, -0.418475)  (75, 1.37841)  (152, -0.469433)  (223, -0.490507) 
row 76: (29, -0.24741)  (30, -0.387355)  (63, -0.493585)  (76, 1.12835) 
row 77: (77, 0.940252)  (119, -0.332168)  (165, -0.4056)  (322, -0.202483) 
row 78: (5, -0.539957)  (78, 1.47783)  (158, -0.420042)  (179, -0.517831) 
row 79: (79, 1.02238)  (211, -0.469037)  (245, -0.389313)  (307, -0.164034) 
row 80: (80, 1.51117)  (217, -0.659799)  (307, -0.535328)  (342, -0.316042) 
row 81: (9, -0.572481)  (81, 1.17881)  (196, -0.256992)  (317, -0.349337) 
row 82: (82, 0.987893)  (114, -0.406673)  (125, -0.254204)  (317, -0.327016) 
row 83: (83, 1.17002)  (215, -0.532513)  (249, -0.412564)  (305, -0.224941) 
row 84: (84, 1.11307)  (220, -0.453309)  (305, -0.477075)  (321, -0.182687) 
row 85: (7, -0.448394)  (85, 1.16795)  (86, -0.33153)  (120, -0.388024) 
row 86: (85, -0.33153)  (86, 1.33125)  (190, -0.628641)  (309, -0.371073) 
row 87: (87, 1.72693)  (123, -0.729243)  (190, -0.392212)  (460, -0.605479) 
row 88: (88, 1.61287)  (146, -0.419547)  (179, -0.595515)  (300, -0.597811) 
row 89: (38, -0.424239)  (89, 1.38909)  (146, -0.489338)  (180, -0.475517) 
row 90: (90, 1.24401)  (91, -0.426907)  (275, -0.374987)  (285, -0.442112) 
row 91: (90, -0.426907)  (91, 1.35233)  (176, -0.483824)  (304, -0.441594) 
row 92: (92, 1.52272)  (226, -0.610505)  (257, -0.410335)  (340, -0.501885) 
row 93: (93, 1.30597)  (157, -0.390278)  (319, -0.368037)  (340, -0.547658) 
row 94: (94, 1.55135)  (95, -0.446715)  (127, -0.572341)  (303, -0.5323) 
row 95: (17, -0.491036)  (94, -0.446715)  (95, 1.39976)  (302, -0.462005) 
row 96: (13, -0.361013)  (14, -0.381306)  (96, 1.22658)  (171, -0.48426) 
row 97: (14, -0.455416)  (97, 1.32985)  (118, -0.384875)  (278, -0.489558) 
row 98: (98, 1.16505)  (101, -0.287604)  (170, -0.404188)  (290, -0.473258) 
row 99: (99, 1.27358)  (100, -0.395453)  (147, -0.468804)  (162, -0.409325) 
row 100: (99, -0.395453)  (100, 1.0973)  (111, -0.393018)  (335, -0.308824) 
row 101: (98, -0.287604)  (101, 1.55167)  (162, -0.777718)  (177, -0.486347) 
row 102: (68, -0.385138)  (102, 1.50517)  (105, -0.527568)  (171, -0.592463) 
row 103: (68, -0.575675)  (103, 1.67024)  (267, -0.547319)  (326, -0.547251) 
row 104: (104, 1.26433)  (286, -0.302634)  (297, -0.460341)  (340, -0.501359) 
row 105: (102, -0.527568)  (105, 1.21299)  (156, -0.358598)  (286, -0.326823) 
row 106: (26, -0.378688)  (106, 1.14452)  (241, -0.507323)  (299, -0.25851) 
row 107: (107, 1.1496)  (108, -0.367804)  (268, -0.413356)  (299, -0.36844) 
row 108: (107, -0.367804)  (108, 1.2003)  (117, -0.355669)  (683, -0.476829) 
row 109: (43, -0.199924)  (44, -0.478406)  (109, 1.17561)  (296, -0.497281) 
row 110: (63, -0.463396)  (110, 1.82623)  (258, -0.757039)  (283, -0.605797) 
row 111: (100, -0.393018)  (111, 1.18007)  (153, -0.451044)  (166, -0.336005) 
row 112: (40, -0.381074)  (112, 1.31377)  (142, -0.408338)  (184, -0.524358) 
row 113: (19, -0.391871)  (43, -0.318434)  (45, -0.217375)  (113, 0.927679) 
row 114: (40, -0.369243)  (82, -0.406673)  (114, 1.22466)  (194, -0.448739) 
row 115: (62, -0.340667)  (115, 1.32874)  (307, -0.42835)  (317, -0.559724) 
row 116: (52, -0.51512)  (116, 1.62191)  (129, -0.547758)  (178, -0.559035) 
row 117: (108, -0.355669)  (117, 1.30801)  (149, -0.495306)  (164, -0.45704) 
row 118: (97, -0.384875)  (118, 1.69424)  (207, -0.651516)  (240, -0.657852) 
row 119: (77, -0.332168)  (119, 1.40809)  (206, -0.426174)  (267, -0.649748) 
row 120: (85, -0.388024)  (120, 0.910469)  (170, -0.30124)  (177, -0.221205) 
row 121: (36, -0.491114)  (121, 1.26257)  (133, -0.393896)  (170, -0.377561) 
row 122: (122, 1.80183)  (123, -0.51215)  (252, -0.737828)  (309, -0.551848) 
row 123: (87, -0.729243)  (122, -0.51215)  (123, 1.78265)  (295, -0.54126) 
row 124: (16, -0.51152)  (124, 1.50448)  (251, -0.65312)  (294, -0.339841) 
row 125: (15, -0.28921)  (82, -0.254204)  (125, 0.78019)  (196, -0.236776) 
row 126: (37, -0.39923)  (126, 1.19192)  (145, -0.459349)  (172, -0.333339) 
row 127: (3, -0.380074)  (94, -0.572341)  (127, 1.53626)  (154, -0.583845) 
row 128: (31, -0.395419)  (128, 1.33688)  (154, -0.519354)  (157, -0.422111) 
row 129: (116, -0.547758)  (129, 1.3523)  (173, -0.459229)  (571, -0.34531) 
row 130: (130, 1.21559)  (173, -0.266386)  (182, -0.528606)  (644, -0.420594) 
row 131: (59, -0.249748)  (131, 1.05914)  (140, -0.433079)  (284, -0.376311) 
row 132: (132, 1.2974)  (205, -0.285037)  (218, -0.544923)  (242, -0.467435) 
row 133: (18, -0.522875)  (121, -0.393896)  (133, 1.36281)  (169, -0.446042) 
row 134: (17, -0.488933)  (18, -0.477339)  (134, 1.42507)  (181, -0.458802) 
row 135: (135, 1.50351)  (141, -0.516228)  (184, -0.384674)  (192, -0.602605) 
row 136: (136, 1.56077)  (155, -0.574935)  (193, -0.603046)  (272, -0.382792) 
row 137: (27, -0.430668)  (137, 1.33234)  (253, -0.463376)  (275, -0.4383) 
row 138: (33, -0.389871)  (138, 1.38549)  (173, -0.504493)  (291, -0.491128) 
row 139: (64, -0.403387)  (70, -0.300117)  (139, 0.970338)  (282, -0.266834) 
row 140: (60, -0.470072)  (131, -0.433079)  (140, 1.28458)  (304, -0.38143) 
row 141: (135, -0.516228)  (141, 1.53082)  (152, -0.470358)  (155, -0.544231) 
row 142: (112, -0.408338)  (142, 1.28138)  (152, -0.43284)  (269, -0.440207) 
row 143: (46, -0.453686)  (143, 1.40225)  (144, -0.44616)  (160, -0.502401) 
row 144: (143, -0.44616)  (144, 1.62631)  (178, -0.58858)  (291, -0.591568) 
row 145: (50, -0.33807)  (126, -0.459349)  (145, 1.13711)  (186, -0.339696) 
row 146: (6, -0.487208)  (88, -0.419547)  (89, -0.489338)  (146, 1.39609) 
row 147: (99, -0.468804)  (147, 1.46854)  (148, -0.390012)  (191, -0.609722) 
row 148: (147, -0.390012)  (148, 1.05781)  (166, -0.388145)  (293, -0.279656) 
row 149: (21, -0.350558)  (117, -0.495306)  (149, 1.1032)  (163, -0.257336) 
row 150: (24, -0.412221)  (150, 1.23428)  (276, -0.391127)  (304, -0.430931) 
row 151: (67, -0.214719)  (151, 0.847525)  (311, -0.229457)  (596, -0.403349) 
row 152: (75, -0.469433)  (141, -0.470358)  (142, -0.43284)  (152, 1.37263) 
row 153: (111, -0.451044)  (153, 1.18453)  (167, -0.340869)  (184, -0.392621) 
row 154: (127, -0.583845)  (128, -0.519354)  (154, 1.52923)  (193, -0.426032) 
row 155: (57, -0.482267)  (136, -0.574935)  (141, -0.544231)  (155, 1.60143) 
row 156: (105, -0.358598)  (156, 1.15603)  (172, -0.474812)  (297, -0.322617) 
row 157: (93, -0.390278)  (128, -0.422111)  (157, 1.49248)  (289, -0.68009) 
row 158: (49, -0.374868)  (78, -0.420042)  (158, 1.10489)  (159, -0.309978) 
row 159: (67, -0.185611)  (158, -0.309978)  (159, 0.68154)  (311, -0.18595) 
row 160: (143, -0.502401)  (160, 1.52053)  (188, -0.563088)  (313, -0.455045) 
row 161: (161, 1.52242)  (251, -0.298608)  (252, -0.600253)  (273, -0.623559) 
row 162: (99, -0.409325)  (101, -0.777718)  (162, 1.57247)  (273, -0.385423) 
row 163: (28, -0.343014)  (149, -0.257336)  (163, 0.947054)  (268, -0.346704) 
row 164: (34, -0.432093)  (117, -0.45704)  (164, 1.29717)  (634, -0.408033) 
row 165: (30, -0.344163)  (77, -0.4056)  (165, 1.33595)  (240, -0.586191) 
row 166: (111, -0.336005)  (148, -0.388145)  (166, 0.995388)  (192, -0.271238) 
row 167: (39, -0.418837)  (153, -0.340869)  (167, 1.16364)  (294, -0.403936) 
row 168: (65, -0.383773)  (66, -0.592721)  (168, 1.3013)  (252, -0.324802) 
row 169: (49, -0.420981)  (133, -0.446042)  (169, 1.33388)  (281, -0.466854) 
row 170: (98, -0.404188)  (120, -0.30124)  (121, -0.377561)  (170, 1.08299) 
row 171: (96, -0.48426)  (102, -0.592463)  (171, 1.57005)  (207, -0.493327) 
row 172: (13, -0.553652)  (126, -0.333339)  (156, -0.474812)  (172, 1.3618) 
row 173: (129, -0.459229)  (130, -0.266386)  (138, -0.504493)  (173, 1.23011) 
row 174: (22, -0.491263)  (33, -0.267704)  (34, -0.372707)  (174, 1.13167) 
row 175: (43, -0.19395)  (73, -0.290854)  (175, 0.866426)  (189, -0.381622) 
row 176: (44, -0.530138)  (91, -0.483824)  (176, 1.53037)  (283, -0.516404) 
row 177: (101, -0.486347)  (120, -0.221205)  (177, 1.16434)  (309, -0.456788) 
row 178: (116, -0.559035)  (144, -0.58858)  (178, 1.63704)  (280, -0.489425) 
row 179: (78, -0.517831)  (88, -0.595515)  (179, 1.58236)  (281, -0.469015) 
row 180: (20, -0.479105)  (89, -0.475517)  (180, 1.48803)  (185, -0.533412) 
row 181: (6, -0.4958)  (134, -0.458802)  (181, 1.37816)  (281, -0.423554) 
row 182: (130, -0.528606)  (182, 1.3597)  (316, -0.320624)  (463, -0.510467) 
row 183: (3, -0.495972)  (17, -0.535555)  (183, 1.40195)  (191, -0.370423) 
row 184: (112, -0.524358)  (135, -0.384674)  (153, -0.392621)  (184, 1.30165) 
row 185: (180, -0.533412)  (185, 1.34015)  (188, -0.488667)  (300, -0.318067) 
row 186: (51, -0.417424)  (145, -0.339696)  (186, 1.10035)  (303, -0.343227) 
row 187: (52, -0.484141)  (53, -0.592896)  (187, 1.67099)  (454, -0.593952) 
row 188: (160, -0.563088)  (185, -0.488667)  (188, 1.40527)  (280, -0.353514) 
row 189: (44, -0.228973)  (175, -0.381622)  (189, 1.13884)  (275, -0.528247) 
row 190: (86, -0.628641)  (87, -0.392212)  (190, 1.64884)  (689, -0.627982) 
row 191: (147, -0.609722)  (183, -0.370423)  (191, 1.62146)  (290, -0.641314) 
row 192: (4, -0.395672)  (135, -0.602605)  (166, -0.271238)  (192, 1.26952) 
row 193: (4, -0.483699)  (136, -0.603046)  (154, -0.426032)  (193, 1.51278) 
row 194: (114, -0.448739)  (194, 1.12321)  (255, -0.363217)  (269, -0.31125) 
row 195: (16, -0.393537)  (195, 1.13586)  (196, -0.239913)  (265, -0.502407) 
row 196: (81, -0.256992)  (125, -0.236776)  (195, -0.239913)  (196, 0.733681) 
row 197: (197, 1.0698)  (198, -0.267934)  (224, -0.317234)  (331, -0.484633) 
row 198: (197, -0.267934)  (198, 0.684986)  (314, -0.417052) 
row 199: (54, -0.493549)  (58, -0.42681)  (199, 1.38006)  (334, -0.459699) 
row 200: (54, -0.474385)  (200, 1.12618)  (270, -0.233372)  (341, -0.418424) 
row 201: (12, -0.35732)  (201, 1.15665)  (237, -0.327738)  (332, -0.471588) 
row 202: (202, 0.98032)  (230, -0.238866)  (270, -0.460464)  (318, -0.280991) 
row 203: (203, 1.049)  (210, -0.448871)  (230, -0.324983)  (338, -0.275143) 
row 204: (204, 0.5225)  (312, -0.364874)  (320, -0.157626) 
row 205: (23, -0.499727)  (132, -0.285037)  (205, 1.20394)  (298, -0.419174) 
row 206: (41, -0.142105)  (42, -0.399411)  (119, -0.426174)  (206, 0.96769) 
row 207: (118, -0.651516)  (171, -0.493327)  (207, 1.76252)  (267, -0.61768) 
row 208: (9, -0.241807)  (10, -0.37263)  (208, 0.976749)  (265, -0.362311) 
row 209: (209, 1.46088)  (265, -0.616408)  (274, -0.561859)  (337, -0.28261) 
row 210: (203, -0.448871)  (210, 1.38711)  (246, -0.393319)  (262, -0.544923) 
row 211: (62, -0.240245)  (79, -0.469037)  (211, 1.21296)  (246, -0.503675) 
row 212: (212, 0.692815)  (248, -0.233633)  (315, -0.459182) 
row 213: (213, 0.481397)  (219, -0.193024)  (248, -0.288373) 
row 214: (214, 1.34551)  (228, -0.460829)  (250, -0.380481)  (260, -0.504203) 
row 215: (64, -0.310818)  (83, -0.532513)  (215, 1.39852)  (250, -0.555192) 
row 216: (9, -0.501314)  (216, 1.51377)  (217, -0.592653)  (238, -0.419804) 
row 217: (80, -0.659799)  (216, -0.592653)  (217, 2.7442) 
row 218: (132, -0.544923)  (218, 1.18952)  (284, -0.331547)  (327, -0.313048) 
row 219: (47, -0.463601)  (213, -0.193024)  (219, 1.04934)  (328, -0.392714) 
row 220: (84, -0.453309)  (220, 0.878955)  (323, -0.425646) 
row 221: (30, -0.191973)  (71, -0.320243)  (221, 0.855218)  (322, -0.343002) 
row 222: (222, 1.24412)  (236, -0.387565)  (292, -0.332882)  (336, -0.523669) 
row 223: (57, -0.456289)  (58, -0.47008)  (75, -0.490507)  (223, 1.41687) 
row 224: (197, -0.317234)  (224, 0.611508)  (332, -0.294274) 
row 225: (225, 1.31099)  (234, -0.521063)  (257, -0.31861)  (266, -0.47132) 
row 226: (92, -0.610505)  (226, 1.48063)  (271, -0.423462)  (314, -0.446664) 
row 227: (227, 1.87704)  (256, -0.473981)  (264, -0.59405)  (407, -0.809006) 
row 228: (214, -0.460829)  (228, 1.14649)  (247, -0.221386)  (315, -0.464274) 
row 229: (229, 0.991125)  (249, -0.353536)  (260, -0.637589) 
row 230: (202, -0.238866)  (203, -0.324983)  (230, 0.829366)  (341, -0.265518) 
row 231: (231, 2.7797)  (245, -0.408879)  (262, -0.910262) 
row 232: (66, -0.415451)  (232, 1.5717)  (256, -0.600057)  (288, -0.556188) 
row 233: (233, 1.17587)  (257, -0.376803)  (286, -0.450791)  (329, -0.348278) 
row 234: (225, -0.521063)  (234, 0.8206)  (314, -0.299537) 
row 235: (25, -0.290127)  (235, 1.1369)  (299, -0.357995)  (622, -0.488781) 
row 236: (222, -0.387565)  (236, 0.703639)  (332, -0.316073) 
row 237: (32, -0.343853)  (201, -0.327738)  (237, 0.909449)  (331, -0.237858) 
row 238: (10, -0.483524)  (216, -0.419804)  (238, 3.22521) 
row 239: (42, -0.250379)  (239, 0.408788)  (323, -0.158408) 
row 240: (118, -0.657852)  (165, -0.586191)  (240, 1.86649)  (258, -0.622443) 
row 241: (23, -0.443915)  (106, -0.507323)  (241, 1.28468)  (254, -0.33344) 
row 242: (132, -0.467435)  (242, 1.09312)  (328, -0.413441)  (330, -0.212238) 
row 243: (243, 0.925994)  (270, -0.567992)  (334, -0.358002) 
row 244: (61, -0.450374)  (244, 1.32904)  (246, -0.421606)  (341, -0.457058) 
row 245: (79, -0.389313)  (231, -0.408879)  (245, 1.3676)  (342, -0.569412) 
row 246: (210, -0.393319)  (211, -0.503675)  (244, -0.421606)  (246, 1.3186) 
row 247: (48, -0.638534)  (228, -0.221386)  (247, 1.38043)  (345, -0.520511) 
row 248: (48, -0.370353)  (212, -0.233633)  (213, -0.288373)  (248, 0.892358) 
row 249: (83, -0.412564)  (229, -0.353536)  (249, 1.04627)  (321, -0.280167) 
row 250: (214, -0.380481)  (215, -0.555192)  (250, 1.22557)  (345, -0.289898) 
row 251: (65, -0.556252)  (124, -0.65312)  (161, -0.298608)  (251, 1.50798) 
row 252: (122, -0.737828)  (161, -0.600253)  (168, -0.324802)  (252, 1.66288) 
row 253: (46, -0.567529)  (72, -0.444362)  (137, -0.463376)  (253, 1.47527) 
row 254: (241, -0.33344)  (254, 1.07605)  (268, -0.340111)  (276, -0.402497) 
row 255: (61, -0.273556)  (62, -0.526289)  (194, -0.363217)  (255, 1.16306) 
row 256: (227, -0.473981)  (232, -0.600057)  (256, 1.64173)  (651, -0.567691) 
row 257: (92, -0.410335)  (225, -0.31861)  (233, -0.376803)  (257, 1.10575) 
row 258: (110, -0.757039)  (240, -0.622443)  (258, 1.85573)  (296, -0.476248) 
row 259: (60, -0.389387)  (259, 1.04106)  (282, -0.366033)  (325, -0.28564) 
row 260: (214, -0.504203)  (229, -0.637589)  (260, 1.47833)  (343, -0.336538) 
row 261: (261, 0.843165)  (315, -0.273203)  (343, -0.569962) 
row 262: (210, -0.544923)  (231, -0.910262)  (262, 1.85457)  (344, -0.399382) 
row 263: (263, 1.13179)  (338, -0.327969)  (344, -0.803822) 
row 264: (227, -0.59405)  (264, 2.93934)  (333, -0.835286) 
row 265: (195, -0.502407)  (208, -0.362311)  (209, -0.616408)  (265, 1.48113) 
row 266: (69, -0.604286)  (225, -0.47132)  (266, 1.3903)  (329, -0.314695) 
row 267: (103, -0.547319)  (119, -0.649748)  (207, -0.61768)  (267, 1.81475) 
row 268: (107, -0.413356)  (163, -0.346704)  (254, -0.340111)  (268, 1.10017) 
row 269: (55, -0.301024)  (142, -0.440207)  (194, -0.31125)  (269, 1.05248) 
row 270: (200, -0.233372)  (202, -0.460464)  (243, -0.567992)  (270, 1.26183) 
row 271: (226, -0.423462)  (271, 1.11424)  (287, -0.372388)  (331, -0.318389) 
row 272: (11, -0.435811)  (31, -0.430499)  (136, -0.382792)  (272, 1.2491) 
row 273: (161, -0.623559)  (162, -0.385423)  (273, 1.3534)  (335, -0.344418) 
row 274: (65, -0.580536)  (209, -0.561859)  (274, 1.53703)  (288, -0.394632) 
row 275: (90, -0.374987)  (137, -0.4383)  (189, -0.528247)  (275, 1.34153) 
row 276: (150, -0.391127)  (254, -0.402497)  (276, 1.13114)  (285, -0.337517) 
row 277: (0, -0.279403)  (20, -0.570215)  (277, 1.36905)  (313, -0.519427) 
row 278: (19, -0.274148)  (97, -0.489558)  (278, 1.2478)  (296, -0.484089) 
row 279: (5, -0.398528)  (53, -0.546912)  (279, 1.32887)  (311, -0.383427) 
row 280: (178, -0.489425)  (188, -0.353514)  (280, 1.25708)  (310, -0.414139) 
row 281: (169, -0.466854)  (179, -0.469015)  (181, -0.423554)  (281, 1.35942) 
row 282: (63, -0.398314)  (139, -0.266834)  (259, -0.366033)  (282, 1.03118) 
row 283: (60, -0.460583)  (110, -0.605797)  (176, -0.516404)  (283, 1.58278) 
row 284: (24, -0.359796)  (131, -0.376311)  (218, -0.331547)  (284, 1.06765) 
row 285: (28, -0.37756)  (90, -0.442112)  (276, -0.337517)  (285, 1.15719) 
row 286: (104, -0.302634)  (105, -0.326823)  (233, -0.450791)  (286, 1.08025) 
row 287: (32, -0.218513)  (271, -0.372388)  (287, 1.11066)  (319, -0.519762) 
row 288: (232, -0.556188)  (274, -0.394632)  (288, 1.25465)  (333, -0.303826) 
row 289: (50, -0.391237)  (157, -0.68009)  (289, 1.46052)  (303, -0.389193) 
row 290: (18, -0.456077)  (98, -0.473258)  (191, -0.641314)  (290, 1.57065) 
row 291: (72, -0.433248)  (138, -0.491128)  (144, -0.591568)  (291, 1.51594) 
row 292: (222, -0.332882)  (292, 0.819622)  (334, -0.48674) 
row 293: (3, -0.523363)  (4, -0.369929)  (148, -0.279656)  (293, 1.17295) 
row 294: (124, -0.339841)  (167, -0.403936)  (294, 1.17383)  (335, -0.430057) 
row 295: (66, -0.531827)  (123, -0.54126)  (295, 1.70477)  (496, -0.63168) 
row 296: (109, -0.497281)  (258, -0.476248)  (278, -0.484089)  (296, 1.45762) 
row 297: (50, -0.534874)  (104, -0.460341)  (156, -0.322617)  (297, 1.31783) 
row 298: (205, -0.419174)  (298, 1.35247)  (312, -0.658802)  (330, -0.274493) 
row 299: (106, -0.25851)  (107, -0.36844)  (235, -0.357995)  (299, 0.984945) 
row 300: (88, -0.597811)  (185, -0.318067)  (300, 1.33385)  (310, -0.417971) 
row 301: (5, -0.653603)  (52, -0.476253)  (301, 1.68524)  (310, -0.555385) 
row 302: (6, -0.422234)  (51, -0.441253)  (95, -0.462005)  (302, 1.32549) 
row 303: (94, -0.5323)  (186, -0.343227)  (289, -0.389193)  (303, 1.26472) 
row 304: (91, -0.441594)  (140, -0.38143)  (150, -0.430931)  (304, 1.25396) 
row 305: (71, -0.49696)  (83, -0.224941)  (84, -0.477075)  (305, 1.19898) 
row 306: (11, -0.372351)  (12, -0.457576)  (57, -0.466721)  (306, 1.29665) 
row 307: (79, -0.164034)  (80, -0.535328)  (115, -0.42835)  (307, 1.12771) 
row 308: (2, -0.319691)  (20, -0.403638)  (37, -0.496672)  (308, 1.22) 
row 309: (86, -0.371073)  (122, -0.551848)  (177, -0.456788)  (309, 1.37971) 
row 310: (280, -0.414139)  (300, -0.417971)  (301, -0.555385)  (310, 1.38749) 
row 311: (151, -0.229457)  (159, -0.18595)  (279, -0.383427)  (311, 0.798834) 
row 312: (26, -0.280869)  (204, -0.364874)  (298, -0.658802)  (312, 1.30454) 
row 313: (45, -0.366319)  (160, -0.455045)  (277, -0.519427)  (313, 1.34079) 
row 314: (198, -0.417052)  (226, -0.446664)  (234, -0.299537)  (314, 1.16325) 
row 315: (212, -0.459182)  (228, -0.464274)  (261, -0.273203)  (315, 1.19666) 
row 316: (33, -0.32339)  (56, -0.293379)  (182, -0.320624)  (316, 0.937393) 
row 317: (81, -0.349337)  (82, -0.327016)  (115, -0.559724)  (317, 1.23608) 
row 318: (202, -0.280991)  (318, 0.557838)  (338, -0.276848) 
row 319: (31, -0.283839)  (93, -0.368037)  (287, -0.519762)  (319, 1.17164) 
row 320: (25, -0.401855)  (204, -0.157626)  (320, 1.08022)  (439, -0.520744) 
row 321: (84, -0.182687)  (249, -0.280167)  (321, 0.462854) 
row 322: (41, -0.407709)  (77, -0.202483)  (221, -0.343002)  (322, 0.953195) 
row 323: (41, -0.443088)  (220, -0.425646)  (239, -0.158408)  (323, 1.02714) 
row 324: (42, -0.341316)  (324, 1.01077)  (326, -0.669459) 
row 325: (59, -0.60862)  (70, -0.427543)  (259, -0.28564)  (325, 1.3218) 
row 326: (69, -0.311255)  (103, -0.547251)  (324, -0.669459)  (326, 1.52796) 
row 327: (47, -0.659266)  (59, -0.500768)  (218, -0.313048)  (327, 1.47308) 
row 328: (219, -0.392714)  (242, -0.413441)  (328, 0.806156) 
row 329: (68, -0.452756)  (233, -0.348278)  (266, -0.314695)  (329, 1.11573) 
row 330: (242, -0.212238)  (298, -0.274493)  (330, 0.486731) 
row 331: (197, -0.484633)  (237, -0.237858)  (271, -0.318389)  (331, 1.04088) 
row 332: (201, -0.471588)  (224, -0.294274)  (236, -0.316073)  (332, 1.08194) 
row 333: (264, -0.835286)  (288, -0.303826)  (333, 1.73687)  (337, -0.597755) 
row 334: (199, -0.459699)  (243, -0.358002)  (292, -0.48674)  (334, 1.30444) 
row 335: (100, -0.308824)  (273, -0.344418)  (294, -0.430057)  (335, 1.0833) 
row 336: (12, -0.369768)  (58, -0.450077)  (222, -0.523669)  (336, 1.34351) 
row 337: (209, -0.28261)  (333, -0.597755)  (337, 1.72237)  (339, -0.842008) 
row 338: (203, -0.275143)  (263, -0.327969)  (318, -0.276848)  (338, 0.87996) 
row 339: (10, -0.416117)  (337, -0.842008)  (339, 2.76642) 
row 340: (92, -0.501885)  (93, -0.547658)  (104, -0.501359)  (340, 1.5509) 
row 341: (200, -0.418424)  (230, -0.265518)  (244, -0.457058)  (341, 1.141) 
row 342: (80, -0.316042)  (245, -0.569412)  (342, 3.22327) 
row 343: (260, -0.336538)  (261, -0.569962)  (343, 0.9065) 
row 344: (262, -0.399382)  (263, -0.803822)  (344, 2.79932) 
row 345: (70, -0.536974)  (247, -0.520511)  (250, -0.289898)  (345, 1.34738) 
row 346: (346, 1.48202)  (467, -0.623283)  (537, -0.529886)  (666, -0.328848) 
row 347: (347, 1.08193)  (566, -0.317633)  (637, -0.360567)  (670, -0.403734) 
row 348: (348, 1.44755)  (485, -0.49222)  (661, -0.388359)  (685, -0.566968) 
row 349: (349, 1.0954)  (551, -0.289289)  (608, -0.444726)  (640, -0.36139) 
row 350: (350, 1.50321)  (442, -0.486168)  (471, -0.440623)  (671, -0.576425) 
row 351: (351, 1.50628)  (532, -0.42679)  (616, -0.435587)  (617, -0.643906) 
row 352: (352, 1.50877)  (628, -0.405089)  (638, -0.598368)  (665, -0.505309) 
row 353: (353, 1.53299)  (461, -0.504737)  (516, -0.440671)  (633, -0.587583) 
row 354: (354, 1.47898)  (592, -0.405637)  (593, -0.594039)  (686, -0.479308) 
row 355: (355, 1.20712)  (430, -0.476624)  (591, -0.351834)  (675, -0.378659) 
row 356: (356, 1.19016)  (487, -0.364622)  (553, -0.326676)  (655, -0.498865) 
row 357: (357, 1.60015)  (491, -0.559205)  (656, -0.528094)  (680, -0.512853) 
row 358: (358, 1.57177)  (488, -0.587184)  (618, -0.511711)  (689, -0.472873) 
row 359: (359, 1.71301)  (388, -0.466105)  (620, -0.616663)  (621, -0.630245) 
row 360: (360, 0.94804)  (429, -0.386742)  (494, -0.369155)  (564, -0.192142) 
row 361: (361, 1.43168)  (440, -0.546153)  (544, -0.367336)  (623, -0.518191) 
row 362: (362, 1.17016)  (371, -0.386816)  (505, -0.446986)  (549, -0.336361) 
row 363: (363, 1.30478)  (583, -0.410964)  (635, -0.384655)  (636, -0.509166) 
row 364: (364, 1.13101)  (421, -0.366664)  (443, -0.358219)  (495, -0.406125) 
row 365: (365, 1.48395)  (366, -0.568965)  (396, -0.46803)  (513, -0.446954) 
row 366: (365, -0.568965)  (366, 2.99531)  (489, -0.825384) 
row 367: (367, 1.16095)  (368, -0.307336)  (379, -0.299778)  (452, -0.553841) 
row 368: (367, -0.307336)  (368, 0.710515)  (400, -0.403179) 
row 369: (369, 1.15681)  (370, -0.233294)  (501, -0.512494)  (540, -0.411019) 
row 370: (369, -0.233294)  (370, 1.47603)  (402, -0.570077)  (539, -0.672657) 
row 371: (362, -0.386816)  (371, 1.5726)  (550, -0.679783)  (636, -0.506002) 
row 372: (372, 1.22135)  (391, -0.390262)  (481, -0.319287)  (524, -0.511798) 
row 373: (373, 1.23636)  (391, -0.494101)  (419, -0.180092)  (441, -0.562164) 
row 374: (374, 1.33192)  (394, -0.367895)  (448, -0.467605)  (490, -0.496417) 
row 375: (375, 2.0246)  (448, -0.937786)  (464, -0.718619)  (508, -0.368198) 
row 376: (376, 2.98209)  (377, -0.648055)  (499, -0.513189) 
row 377: (376, -0.648055)  (377, 1.52073)  (417, -0.404511)  (526, -0.468166) 
row 378: (378, 1.18243)  (413, -0.502111)  (509, -0.376769)  (513, -0.303548) 
row 379: (367, -0.299778)  (379, 0.561846)  (533, -0.262067) 
row 380: (380, 1.0827)  (415, -0.407025)  (520, -0.239979)  (533, -0.435693) 
row 381: (381, 1.6712)  (405, -0.307427)  (481, -0.923051)  (523, -0.440719) 
row 382: (382, 1.07674)  (405, -0.399124)  (420, -0.300373)  (525, -0.377244) 
row 383: (383, 1.00831)  (417, -0.422141)  (443, -0.252485)  (503, -0.333687) 
row 384: (384, 2.8095)  (423, -0.274605)  (493, -0.710806) 
row 385: (385, 3.1258)  (389, -0.388705)  (423, -0.415654) 
row 386: (386, 1.48886)  (411, -0.512032)  (497, -0.655662)  (605, -0.321164) 
row 387: (387, 1.3413)  (529, -0.470138)  (585, -0.501121)  (606, -0.370044) 
row 388: (359, -0.466105)  (388, 1.80398)  (418, -0.783064)  (615, -0.554808) 
row 389: (385, -0.388705)  (389, 1.39628)  (517, -0.592205)  (569, -0.415372) 
row 390: (390, 0.884003)  (441, -0.268143)  (520, -0.376242)  (534, -0.239618) 
row 391: (372, -0.390262)  (373, -0.494101)  (391, 1.31503)  (654, -0.430668) 
row 392: (392, 1.63546)  (412, -0.704585)  (549, -0.568776)  (612, -0.362098) 
row 393: (393, 0.787527)  (482, -0.209209)  (505, -0.261919)  (612, -0.316399) 
row 394: (374, -0.367895)  (394, 1.1284)  (541, -0.311099)  (631, -0.449403) 
row 395: (395, 1.44634)  (455, -0.410214)  (527, -0.556436)  (541, -0.479688) 
row 396: (365, -0.46803)  (396, 3.1996)  (509, -0.447698) 
row 397: (397, 0.997155)  (573, -0.401391)  (606, -0.270279)  (607, -0.325485) 
row 398: (398, 1.11098)  (409, -0.489971)  (511, -0.306747)  (548, -0.314258) 
row 399: (399, 0.848089)  (400, -0.373135)  (457, -0.474954) 
row 400: (368, -0.403179)  (399, -0.373135)  (400, 1.32736)  (611, -0.55105) 
row 401: (401, 1.67938)  (489, -0.643804)  (568, -0.526714)  (651, -0.508862) 
row 402: (370, -0.570077)  (402, 1.36777)  (411, -0.506675)  (428, -0.291016) 
row 403: (403, 1.14074)  (428, -0.382909)  (501, -0.415235)  (600, -0.342597) 
row 404: (404, 1.46029)  (420, -0.694089)  (422, -0.323577)  (493, -0.442629) 
row 405: (381, -0.307427)  (382, -0.399124)  (405, 0.70655) 
row 406: (406, 1.34559)  (437, -0.420019)  (499, -0.481175)  (582, -0.444396) 
row 407: (227, -0.809006)  (407, 3.15074)  (489, -0.614217) 
row 408: (408, 1.57615)  (426, -0.490155)  (479, -0.528909)  (611, -0.557089) 
row 409: (398, -0.489971)  (409, 1.37158)  (464, -0.383185)  (573, -0.498429) 
row 410: (410, 1.03023)  (466, -0.435452)  (547, -0.255961)  (548, -0.338814) 
row 411: (386, -0.512032)  (402, -0.506675)  (411, 3.02659) 
row 412: (392, -0.704585)  (412, 2.93804)  (509, -0.419731) 
row 413: (378, -0.502111)  (413, 1.11944)  (612, -0.261949)  (613, -0.355378) 
row 414: (414, 1.08812)  (580, -0.259704)  (624, -0.457616)  (654, -0.370804) 
row 415: (380, -0.407025)  (415, 1.38815)  (452, -0.352388)  (453, -0.628737) 
row 416: (416, 2.88558)  (483, -0.558566)  (499, -0.501765) 
row 417: (377, -0.404511)  (383, -0.422141)  (417, 1.26428)  (582, -0.437632) 
row 418: (388, -0.783064)  (418, 1.55732)  (455, -0.527178)  (517, -0.247077) 
row 419: (373, -0.180092)  (419, 0.572715)  (481, -0.392623) 
row 420: (382, -0.300373)  (404, -0.694089)  (420, 1.48825)  (523, -0.493793) 
row 421: (364, -0.366664)  (421, 2.85247)  (507, -0.772703) 
row 422: (404, -0.323577)  (422, 0.960815)  (570, -0.350747)  (614, -0.286491) 
row 423: (384, -0.274605)  (385, -0.415654)  (423, 1.01777)  (570, -0.327507) 
row 424: (424, 2.98252)  (502, -0.49241)  (607, -0.409112) 
row 425: (425, 1.15066)  (506, -0.343867)  (530, -0.288227)  (574, -0.518569) 
row 426: (408, -0.490155)  (426, 1.68242)  (457, -0.562926)  (622, -0.629341) 
row 427: (427, 2.73109)  (497, -0.889073)  (502, -0.406574) 
row 428: (402, -0.291016)  (403, -0.382909)  (428, 1.04439)  (605, -0.370464) 
row 429: (360, -0.386742)  (429, 1.11337)  (667, -0.461024)  (688, -0.265602) 
row 430: (355, -0.476624)  (430, 1.49258)  (484, -0.607963)  (588, -0.407991) 
row 431: (431, 2.7824)  (493, -0.352367)  (525, -0.781815) 
row 432: (432, 1.17512)  (519, -0.240256)  (522, -0.397236)  (614, -0.537626) 
row 433: (433, 2.965)  (503, -0.370566)  (526, -0.98749) 
row 434: (434, 1.2204)  (467, -0.37334)  (637, -0.354089)  (638, -0.492968) 
row 435: (435, 0.897606)  (465, -0.350867)  (547, -0.246977)  (576, -0.299762) 
row 436: (436, 0.986217)  (642, -0.27392)  (647, -0.34268)  (685, -0.369617) 
row 437: (406, -0.420019)  (437, 1.33811)  (498, -0.485932)  (540, -0.432158) 
row 438: (438, 1.44738)  (501, -0.489394)  (588, -0.408289)  (589, -0.5497) 
row 439: (320, -0.520744)  (439, 0.971436)  (457, -0.450693) 
row 440: (361, -0.546153)  (440, 1.43086)  (624, -0.424623)  (667, -0.460086) 
row 441: (373, -0.562164)  (390, -0.268143)  (441, 0.830307) 
row 442: (350, -0.486168)  (442, 1.45497)  (484, -0.515733)  (672, -0.453073) 
row 443: (364, -0.358219)  (383, -0.252485)  (443, 1.05056)  (598, -0.439855) 
row 444: (444, 1.58272)  (528, -0.519924)  (545, -0.483241)  (679, -0.579553) 
row 445: (445, 1.31841)  (588, -0.528393)  (600, -0.429004)  (650, -0.361009) 
row 446: (446, 1.03334)  (559, -0.244672)  (560, -0.408233)  (655, -0.380435) 
row 447: (447, 1.08523)  (528, -0.440992)  (648, -0.36339)  (655, -0.28085) 
row 448: (374, -0.467605)  (375, -0.937786)  (448, 2.86355) 
row 449: (449, 1.46565)  (456, -0.514072)  (558, -0.450225)  (660, -0.501357) 
row 450: (450, 1.3568)  (513, -0.630754)  (567, -0.376548)  (568, -0.349499) 
row 451: (451, 1.44068)  (608, -0.336481)  (609, -0.524251)  (645, -0.579951) 
row 452: (367, -0.553841)  (415, -0.352388)  (452, 1.33975)  (514, -0.433522) 
row 453: (415, -0.628737)  (453, 1.31801)  (586, -0.419352)  (687, -0.269925) 
row 454: (187, -0.593952)  (454, 1.59101)  (571, -0.427708)  (690, -0.569348) 
row 455: (395, -0.410214)  (418, -0.527178)  (455, 1.31096)  (536, -0.37357) 
row 456: (449, -0.514072)  (456, 1.42913)  (601, -0.513149)  (620, -0.40191) 
row 457: (399, -0.474954)  (426, -0.562926)  (439, -0.450693)  (457, 1.48857) 
row 458: (458, 1.62875)  (514, -0.520126)  (610, -0.552593)  (687, -0.556031) 
row 459: (459, 0.892275)  (512, -0.267314)  (568, -0.329143)  (652, -0.295818) 
row 460: (87, -0.605479)  (460, 1.6605)  (639, -0.49488)  (684, -0.560139) 
row 461: (353, -0.504737)  (461, 1.65905)  (480, -0.471178)  (538, -0.68314) 
row 462: (462, 1.54203)  (492, -0.574874)  (632, -0.533552)  (682, -0.433603) 
row 463: (182, -0.510467)  (463, 1.22099)  (581, -0.281618)  (617, -0.42891) 
row 464: (375, -0.718619)  (409, -0.383185)  (464, 1.89142)  (504, -0.789614) 
row 465: (435, -0.350867)  (465, 1.17557)  (557, -0.462171)  (575, -0.362536) 
row 466: (410, -0.435452)  (466, 1.33932)  (557, -0.363915)  (660, -0.539951) 
row 467: (346, -0.623283)  (434, -0.37334)  (467, 1.42487)  (566, -0.428248) 
row 468: (468, 1.31177)  (486, -0.505929)  (638, -0.387126)  (664, -0.418713) 
row 469: (469, 1.07506)  (590, -0.402786)  (675, -0.295958)  (678, -0.376321) 
row 470: (470, 2.84188)  (507, -0.449039)  (549, -0.961494) 
row 471: (350, -0.440623)  (471, 1.42024)  (555, -0.513506)  (645, -0.46611) 
row 472: (472, 1.32892)  (522, -0.41002)  (524, -0.62868)  (544, -0.290219) 
row 473: (473, 1.29586)  (587, -0.289246)  (632, -0.528263)  (687, -0.478349) 
row 474: (474, 1.23126)  (487, -0.36137)  (554, -0.314818)  (681, -0.555076) 
row 475: (475, 1.13608)  (490, -0.399593)  (515, -0.371786)  (541, -0.364696) 
row 476: (476, 1.3998)  (627, -0.416548)  (663, -0.490124)  (668, -0.493129) 
row 477: (477, 1.44794)  (485, -0.525074)  (486, -0.453683)  (637, -0.469178) 
row 478: (478, 1.18669)  (512, -0.307055)  (608, -0.535443)  (684, -0.344194) 
row 479: (408, -0.528909)  (479, 1.52896)  (510, -0.496636)  (610, -0.503416) 
row 480: (461, -0.471178)  (480, 1.16261)  (564, -0.365883)  (688, -0.325554) 
row 481: (372, -0.319287)  (381, -0.923051)  (419, -0.392623)  (481, 1.63496) 
row 482: (393, -0.209209)  (482, 0.862188)  (555, -0.348896)  (613, -0.304083) 
row 483: (416, -0.558566)  (483, 1.23101)  (539, -0.307095)  (540, -0.365349) 
row 484: (430, -0.607963)  (442, -0.515733)  (484, 1.56069)  (635, -0.436998) 
row 485: (348, -0.49222)  (477, -0.525074)  (485, 1.49431)  (662, -0.477011) 
row 486: (468, -0.505929)  (477, -0.453683)  (486, 1.35395)  (575, -0.394336) 
row 487: (356, -0.364622)  (474, -0.36137)  (487, 1.21962)  (596, -0.493628) 
row 488: (7, -0.660719)  (358, -0.587184)  (488, 1.59129)  (681, -0.343388) 
row 489: (366, -0.825384)  (401, -0.643804)  (407, -0.614217)  (489, 2.08341) 
row 490: (374, -0.496417)  (475, -0.399593)  (490, 3.06896) 
row 491: (357, -0.559205)  (491, 1.3026)  (562, -0.345498)  (657, -0.3979) 
row 492: (462, -0.574874)  (492, 1.5953)  (578, -0.424041)  (610, -0.596383) 
row 493: (384, -0.710806)  (404, -0.442629)  (431, -0.352367)  (493, 1.5058) 
row 494: (360, -0.369155)  (494, 1.1024)  (563, -0.315058)  (623, -0.418191) 
row 495: (364, -0.406125)  (495, 3.02172)  (503, -0.431702) 
row 496: (295, -0.63168)  (496, 1.66516)  (651, -0.438388)  (652, -0.595092) 
row 497: (386, -0.655662)  (427, -0.889073)  (497, 1.83111)  (585, -0.286374) 
row 498: (437, -0.485932)  (498, 1.2114)  (583, -0.298186)  (589, -0.427279) 
row 499: (376, -0.513189)  (406, -0.481175)  (416, -0.501765)  (499, 1.49613) 
row 500: (500, 1.08993)  (595, -0.402977)  (626, -0.31723)  (686, -0.369723) 
row 501: (369, -0.512494)  (403, -0.415235)  (438, -0.489394)  (501, 1.41712) 
row 502: (424, -0.49241)  (427, -0.406574)  (502, 1.22176)  (606, -0.322771) 
row 503: (383, -0.333687)  (433, -0.370566)  (495, -0.431702)  (503, 1.13595) 
row 504: (464, -0.789614)  (504, 2.91348)  (607, -0.425049) 
row 505: (362, -0.446986)  (393, -0.261919)  (505, 1.02047)  (556, -0.311565) 
row 506: (425, -0.343867)  (506, 1.0453)  (529, -0.3012)  (573, -0.400234) 
row 507: (421, -0.772703)  (470, -0.449039)  (507, 1.65648)  (550, -0.434734) 
row 508: (375, -0.368198)  (508, 1.50369)  (548, -0.570863)  (631, -0.564626) 
row 509: (378, -0.376769)  (396, -0.447698)  (412, -0.419731)  (509, 1.2442) 
row 510: (479, -0.496636)  (510, 1.39412)  (634, -0.420917)  (683, -0.476569) 
row 511: (398, -0.306747)  (511, 0.791131)  (547, -0.200701)  (574, -0.283683) 
row 512: (459, -0.267314)  (478, -0.307055)  (512, 0.858235)  (567, -0.283865) 
row 513: (365, -0.446954)  (378, -0.303548)  (450, -0.630754)  (513, 1.38126) 
row 514: (452, -0.433522)  (458, -0.520126)  (514, 1.4173)  (611, -0.463653) 
row 515: (475, -0.371786)  (515, 2.69026)  (536, -0.661803) 
row 516: (353, -0.440671)  (516, 1.30821)  (629, -0.411154)  (632, -0.456383) 
row 517: (389, -0.592205)  (418, -0.247077)  (517, 1.64773)  (535, -0.808443) 
row 518: (518, 1.04671)  (569, -0.405256)  (614, -0.258646)  (615, -0.382803) 
row 519: (432, -0.240256)  (519, 1.06235)  (544, -0.406821)  (673, -0.415277) 
row 520: (380, -0.239979)  (390, -0.376242)  (520, 1.23945)  (579, -0.62323) 
row 521: (521, 1.05065)  (579, -0.335363)  (580, -0.324658)  (586, -0.390632) 
row 522: (432, -0.397236)  (472, -0.41002)  (522, 1.32389)  (523, -0.516633) 
row 523: (381, -0.440719)  (420, -0.493793)  (522, -0.516633)  (523, 1.45114) 
row 524: (372, -0.511798)  (472, -0.62868)  (524, 1.50185)  (624, -0.361376) 
row 525: (382, -0.377244)  (431, -0.781815)  (525, 1.15906) 
row 526: (377, -0.468166)  (433, -0.98749)  (526, 3.01172) 
row 527: (395, -0.556436)  (527, 1.79064)  (542, -0.447742)  (620, -0.78646) 
row 528: (444, -0.519924)  (447, -0.440992)  (528, 1.49649)  (656, -0.535575) 
row 529: (387, -0.470138)  (506, -0.3012)  (529, 1.10868)  (641, -0.337346) 
row 530: (425, -0.288227)  (530, 1.00154)  (594, -0.40691)  (641, -0.306398) 
row 531: (531, 0.861142)  (532, -0.264454)  (572, -0.168608)  (644, -0.428079) 
row 532: (351, -0.42679)  (531, -0.264454)  (532, 0.879432)  (666, -0.188187) 
row 533: (379, -0.262067)  (380, -0.435693)  (533, 0.857395)  (534, -0.159635) 
row 534: (390, -0.239618)  (533, -0.159635)  (534, 0.399252) 
row 535: (517, -0.808443)  (535, 2.78997)  (536, -0.270308) 
row 536: (455, -0.37357)  (515, -0.661803)  (535, -0.270308)  (536, 1.30568) 
row 537: (346, -0.529886)  (537, 1.27409)  (616, -0.360834)  (665, -0.383368) 
row 538: (461, -0.68314)  (538, 1.52267)  (616, -0.482195)  (663, -0.357333) 
row 539: (370, -0.672657)  (483, -0.307095)  (539, 2.84586) 
row 540: (369, -0.411019)  (437, -0.432158)  (483, -0.365349)  (540, 1.20853) 
row 541: (394, -0.311099)  (395, -0.479688)  (475, -0.364696)  (541, 1.15548) 
row 542: (527, -0.447742)  (542, 1.64193)  (631, -0.618074)  (660, -0.576115) 
row 543: (543, 1.31951)  (621, -0.493074)  (623, -0.455915)  (673, -0.370519) 
row 544: (361, -0.367336)  (472, -0.290219)  (519, -0.406821)  (544, 1.06438) 
row 545: (444, -0.483241)  (545, 1.30114)  (546, -0.406996)  (592, -0.410899) 
row 546: (545, -0.406996)  (546, 1.4166)  (648, -0.486994)  (685, -0.522609) 
row 547: (410, -0.255961)  (435, -0.246977)  (511, -0.200701)  (547, 0.703639) 
row 548: (398, -0.314258)  (410, -0.338814)  (508, -0.570863)  (548, 1.22394) 
row 549: (362, -0.336361)  (392, -0.568776)  (470, -0.961494)  (549, 1.86663) 
row 550: (371, -0.679783)  (507, -0.434734)  (550, 1.58341)  (598, -0.468898) 
row 551: (349, -0.289289)  (551, 0.844078)  (639, -0.379299)  (658, -0.175491) 
row 552: (552, 1.01464)  (562, -0.441006)  (640, -0.249641)  (658, -0.323996) 
row 553: (356, -0.326676)  (553, 1.1211)  (554, -0.388805)  (656, -0.405613) 
row 554: (474, -0.314818)  (553, -0.388805)  (554, 1.15049)  (618, -0.446867) 
row 555: (471, -0.513506)  (482, -0.348896)  (555, 1.12772)  (556, -0.265323) 
row 556: (505, -0.311565)  (555, -0.265323)  (556, 0.975677)  (672, -0.39879) 
row 557: (465, -0.462171)  (466, -0.363915)  (557, 1.27033)  (664, -0.444246) 
row 558: (449, -0.450225)  (558, 1.4489)  (628, -0.482249)  (664, -0.516428) 
row 559: (446, -0.244672)  (559, 1.19441)  (648, -0.403385)  (662, -0.546352) 
row 560: (446, -0.408233)  (560, 1.12224)  (674, -0.389224)  (691, -0.324778) 
row 561: (561, 1.03828)  (562, -0.245388)  (646, -0.408134)  (678, -0.384759) 
row 562: (491, -0.345498)  (552, -0.441006)  (561, -0.245388)  (562, 1.03189) 
row 563: (494, -0.315058)  (563, 1.04995)  (602, -0.463212)  (668, -0.271681) 
row 564: (360, -0.192142)  (480, -0.365883)  (564, 0.937327)  (668, -0.379301) 
row 565: (53, -0.630958)  (565, 1.46571)  (669, -0.47418)  (674, -0.360576) 
row 566: (347, -0.317633)  (467, -0.428248)  (566, 1.27152)  (643, -0.525638) 
row 567: (450, -0.376548)  (512, -0.283865)  (567, 1.10097)  (609, -0.44056) 
row 568: (401, -0.526714)  (450, -0.349499)  (459, -0.329143)  (568, 1.20536) 
row 569: (389, -0.415372)  (518, -0.405256)  (569, 0.95963)  (570, -0.139002) 
row 570: (422, -0.350747)  (423, -0.327507)  (569, -0.139002)  (570, 0.817255) 
row 571: (129, -0.34531)  (454, -0.427708)  (571, 1.02702)  (644, -0.254006) 
row 572: (531, -0.168608)  (572, 0.77302)  (666, -0.264003)  (690, -0.340409) 
row 573: (397, -0.401391)  (409, -0.498429)  (506, -0.400234)  (573, 1.30005) 
row 574: (425, -0.518569)  (511, -0.283683)  (574, 1.08567)  (576, -0.283423) 
row 575: (465, -0.362536)  (486, -0.394336)  (575, 1.23888)  (661, -0.482008) 
row 576: (435, -0.299762)  (574, -0.283423)  (576, 0.969884)  (659, -0.386699) 
row 577: (56, -0.415274)  (577, 1.1947)  (578, -0.361222)  (581, -0.418204) 
row 578: (492, -0.424041)  (577, -0.361222)  (578, 1.24903)  (634, -0.46377) 
row 579: (520, -0.62323)  (521, -0.335363)  (579, 1.27719)  (654, -0.318594) 
row 580: (414, -0.259704)  (521, -0.324658)  (580, 0.988247)  (653, -0.403886) 
row 581: (463, -0.281618)  (577, -0.418204)  (581, 1.07713)  (682, -0.377311) 
row 582: (406, -0.444396)  (417, -0.437632)  (582, 1.28039)  (597, -0.398367) 
row 583: (363, -0.410964)  (498, -0.298186)  (583, 1.28203)  (597, -0.572884) 
row 584: (584, 0.946496)  (605, -0.325587)  (625, -0.325525)  (676, -0.295383) 
row 585: (387, -0.501121)  (497, -0.286374)  (585, 1.26546)  (625, -0.477968) 
row 586: (453, -0.419352)  (521, -0.390632)  (586, 1.12614)  (587, -0.316159) 
row 587: (473, -0.289246)  (586, -0.316159)  (587, 1.05329)  (630, -0.447887) 
row 588: (430, -0.407991)  (438, -0.408289)  (445, -0.528393)  (588, 1.34467) 
row 589: (438, -0.5497)  (498, -0.427279)  (589, 1.29147)  (635, -0.31449) 
row 590: (469, -0.402786)  (590, 1.25106)  (591, -0.337842)  (593, -0.510433) 
row 591: (355, -0.351834)  (590, -0.337842)  (591, 1.2427)  (650, -0.553021) 
row 592: (354, -0.405637)  (545, -0.410899)  (592, 1.22383)  (647, -0.407295) 
row 593: (354, -0.594039)  (590, -0.510433)  (593, 1.46322)  (679, -0.358743) 
row 594: (530, -0.40691)  (594, 1.00822)  (595, -0.257695)  (642, -0.343616) 
row 595: (500, -0.402977)  (594, -0.257695)  (595, 0.926557)  (647, -0.265885) 
row 596: (151, -0.403349)  (487, -0.493628)  (596, 1.481)  (674, -0.584022) 
row 597: (582, -0.398367)  (583, -0.572884)  (597, 1.45497)  (598, -0.483719) 
row 598: (443, -0.439855)  (550, -0.468898)  (597, -0.483719)  (598, 1.39247) 
row 599: (599, 1.33603)  (604, -0.334261)  (650, -0.519302)  (686, -0.482469) 
row 600: (403, -0.342597)  (445, -0.429004)  (600, 1.20526)  (676, -0.433661) 
row 601: (456, -0.513149)  (601, 1.37922)  (602, -0.474442)  (627, -0.391626) 
row 602: (563, -0.463212)  (601, -0.474442)  (602, 1.37029)  (621, -0.432634) 
row 603: (603, 1.05995)  (619, -0.339988)  (639, -0.2747)  (689, -0.445257) 
row 604: (599, -0.334261)  (604, 0.915086)  (649, -0.303038)  (676, -0.277787) 
row 605: (386, -0.321164)  (428, -0.370464)  (584, -0.325587)  (605, 1.01721) 
row 606: (387, -0.370044)  (397, -0.270279)  (502, -0.322771)  (606, 0.963093) 
row 607: (397, -0.325485)  (424, -0.409112)  (504, -0.425049)  (607, 1.15965) 
row 608: (349, -0.444726)  (451, -0.336481)  (478, -0.535443)  (608, 1.31665) 
row 609: (451, -0.524251)  (567, -0.44056)  (609, 1.49525)  (613, -0.53044) 
row 610: (458, -0.552593)  (479, -0.503416)  (492, -0.596383)  (610, 1.65239) 
row 611: (400, -0.55105)  (408, -0.557089)  (514, -0.463653)  (611, 1.57179) 
row 612: (392, -0.362098)  (393, -0.316399)  (413, -0.261949)  (612, 0.940446) 
row 613: (413, -0.355378)  (482, -0.304083)  (609, -0.53044)  (613, 1.1899) 
row 614: (422, -0.286491)  (432, -0.537626)  (518, -0.258646)  (614, 1.08276) 
row 615: (388, -0.554808)  (518, -0.382803)  (615, 1.44353)  (673, -0.505923) 
row 616: (351, -0.435587)  (537, -0.360834)  (538, -0.482195)  (616, 1.27862) 
row 617: (351, -0.643906)  (463, -0.42891)  (617, 1.48294)  (633, -0.41012) 
row 618: (358, -0.511711)  (554, -0.446867)  (618, 1.39094)  (680, -0.432363) 
row 619: (603, -0.339988)  (619, 1.15789)  (658, -0.327839)  (680, -0.490062) 
row 620: (359, -0.616663)  (456, -0.40191)  (527, -0.78646)  (620, 1.80503) 
row 621: (359, -0.630245)  (543, -0.493074)  (602, -0.432634)  (621, 1.55595) 
row 622: (235, -0.488781)  (426, -0.629341)  (622, 1.46573)  (683, -0.347606) 
row 623: (361, -0.518191)  (494, -0.418191)  (543, -0.455915)  (623, 1.3923) 
row 624: (414, -0.457616)  (440, -0.424623)  (524, -0.361376)  (624, 1.24362) 
row 625: (584, -0.325525)  (585, -0.477968)  (625, 1.08396)  (649, -0.280469) 
row 626: (500, -0.31723)  (626, 1.19992)  (641, -0.407661)  (649, -0.47503) 
row 627: (476, -0.416548)  (601, -0.391626)  (627, 1.31877)  (628, -0.510596) 
row 628: (352, -0.405089)  (558, -0.482249)  (627, -0.510596)  (628, 1.39793) 
row 629: (516, -0.411154)  (629, 1.24941)  (630, -0.389399)  (688, -0.448859) 
row 630: (587, -0.447887)  (629, -0.389399)  (630, 1.18634)  (653, -0.349054) 
row 631: (394, -0.449403)  (508, -0.564626)  (542, -0.618074)  (631, 1.6321) 
row 632: (462, -0.533552)  (473, -0.528263)  (516, -0.456383)  (632, 1.5182) 
row 633: (353, -0.587583)  (617, -0.41012)  (633, 1.35257)  (682, -0.354867) 
row 634: (164, -0.408033)  (510, -0.420917)  (578, -0.46377)  (634, 1.29272) 
row 635: (363, -0.384655)  (484, -0.436998)  (589, -0.31449)  (635, 1.13614) 
row 636: (363, -0.509166)  (371, -0.506002)  (636, 1.41516)  (672, -0.399992) 
row 637: (347, -0.360567)  (434, -0.354089)  (477, -0.469178)  (637, 1.18383) 
row 638: (352, -0.598368)  (434, -0.492968)  (468, -0.387126)  (638, 1.47846) 
row 639: (460, -0.49488)  (551, -0.379299)  (603, -0.2747)  (639, 1.14888) 
row 640: (349, -0.36139)  (552, -0.249641)  (640, 0.948689)  (677, -0.337658) 
row 641: (529, -0.337346)  (530, -0.306398)  (626, -0.407661)  (641, 1.05141) 
row 642: (436, -0.27392)  (594, -0.343616)  (642, 1.10834)  (659, -0.490808) 
row 643: (566, -0.525638)  (643, 1.61006)  (669, -0.48243)  (690, -0.601993) 
row 644: (130, -0.420594)  (531, -0.428079)  (571, -0.254006)  (644, 1.10268) 
row 645: (451, -0.579951)  (471, -0.46611)  (645, 1.49569)  (677, -0.449633) 
row 646: (561, -0.408134)  (646, 1.23742)  (671, -0.31343)  (677, -0.51586) 
row 647: (436, -0.34268)  (592, -0.407295)  (595, -0.265885)  (647, 1.01586) 
row 648: (447, -0.36339)  (546, -0.486994)  (559, -0.403385)  (648, 1.25377) 
row 649: (604, -0.303038)  (625, -0.280469)  (626, -0.47503)  (649, 1.05854) 
row 650: (445, -0.361009)  (591, -0.553021)  (599, -0.519302)  (650, 1.43333) 
row 651: (256, -0.567691)  (401, -0.508862)  (496, -0.438388)  (651, 1.51494) 
row 652: (459, -0.295818)  (496, -0.595092)  (652, 1.31371)  (684, -0.422802) 
row 653: (580, -0.403886)  (630, -0.349054)  (653, 1.16417)  (667, -0.411234) 
row 654: (391, -0.430668)  (414, -0.370804)  (579, -0.318594)  (654, 1.12007) 
row 655: (356, -0.498865)  (446, -0.380435)  (447, -0.28085)  (655, 1.16015) 
row 656: (357, -0.528094)  (528, -0.535575)  (553, -0.405613)  (656, 1.46928) 
row 657: (491, -0.3979)  (657, 1.26515)  (678, -0.277577)  (679, -0.589675) 
row 658: (551, -0.175491)  (552, -0.323996)  (619, -0.327839)  (658, 0.827325) 
row 659: (576, -0.386699)  (642, -0.490808)  (659, 1.23364)  (661, -0.356133) 
row 660: (449, -0.501357)  (466, -0.539951)  (542, -0.576115)  (660, 1.61742) 
row 661: (348, -0.388359)  (575, -0.482008)  (659, -0.356133)  (661, 1.2265) 
row 662: (485, -0.477011)  (559, -0.546352)  (662, 1.36565)  (670, -0.34229) 
row 663: (476, -0.490124)  (538, -0.357333)  (663, 1.24132)  (665, -0.393862) 
row 664: (468, -0.418713)  (557, -0.444246)  (558, -0.516428)  (664, 1.37939) 
row 665: (352, -0.505309)  (537, -0.383368)  (663, -0.393862)  (665, 1.28254) 
row 666: (346, -0.328848)  (532, -0.188187)  (572, -0.264003)  (666, 0.781038) 
row 667: (429, -0.461024)  (440, -0.460086)  (653, -0.411234)  (667, 1.33234) 
row 668: (476, -0.493129)  (563, -0.271681)  (564, -0.379301)  (668, 1.14411) 
row 669: (565, -0.47418)  (643, -0.48243)  (669, 1.26694)  (691, -0.310329) 
row 670: (347, -0.403734)  (662, -0.34229)  (670, 1.22082)  (691, -0.4748) 
row 671: (350, -0.576425)  (646, -0.31343)  (671, 1.45187)  (675, -0.562016) 
row 672: (442, -0.453073)  (556, -0.39879)  (636, -0.399992)  (672, 1.25186) 
row 673: (519, -0.415277)  (543, -0.370519)  (615, -0.505923)  (673, 1.29172) 
row 674: (560, -0.389224)  (565, -0.360576)  (596, -0.584022)  (674, 1.33382) 
row 675: (355, -0.378659)  (469, -0.295958)  (671, -0.562016)  (675, 1.23663) 
row 676: (584, -0.295383)  (600, -0.433661)  (604, -0.277787)  (676, 1.00683) 
row 677: (640, -0.337658)  (645, -0.449633)  (646, -0.51586)  (677, 1.30315) 
row 678: (469, -0.376321)  (561, -0.384759)  (657, -0.277577)  (678, 1.03866) 
row 679: (444, -0.579553)  (593, -0.358743)  (657, -0.589675)  (679, 1.52797) 
row 680: (357, -0.512853)  (618, -0.432363)  (619, -0.490062)  (680, 1.43528) 
row 681: (35, -0.504625)  (474, -0.555076)  (488, -0.343388)  (681, 1.40309) 
row 682: (462, -0.433603)  (581, -0.377311)  (633, -0.354867)  (682, 1.16578) 
row 683: (108, -0.476829)  (510, -0.476569)  (622, -0.347606)  (683, 1.301) 
row 684: (460, -0.560139)  (478, -0.344194)  (652, -0.422802)  (684, 1.32713) 
row 685: (348, -0.566968)  (436, -0.369617)  (546, -0.522609)  (685, 1.45919) 
row 686: (354, -0.479308)  (500, -0.369723)  (599, -0.482469)  (686, 1.3315) 
row 687: (453, -0.269925)  (458, -0.556031)  (473, -0.478349)  (687, 1.3043) 
row 688: (429, -0.265602)  (480, -0.325554)  (629, -0.448859)  (688, 1.04002) 
row 689: (190, -0.627982)  (358, -0.472873)  (603, -0.445257)  (689, 1.54611) 
row 690: (454, -0.569348)  (572, -0.340409)  (643, -0.601993)  (690, 1.51175) 
row 691: (560, -0.324778)  (669, -0.310329)  (670, -0.4748)  (691, 1.10991) 
