Vec Object: 1 MPI process
  type: mpi
Process [0]
0.000946467
0.00172993
0.00164421
0.00040866
0.00115769
7.03431e-07
0.000155487
4.93617e-05
1.0607e-17
-2.75124e-15
-3.53361e-15
1.60648e-05
2.54181e-05
0.042411
-0.151111
0.00192305
0.00096654
1.31004e-05
9.5474e-05
6.93228e-09
2.78581e-08
0.
0.
0.000535702
0.000111023
0.0153461
0.0377979
2.55638e-05
8.09935e-05
0.00315844
0.00299226
0.00257695
0.0155368
0.000156086
0.000164858
7.492e-16
1.93872e-15
5.27487e-05
7.61644e-07
-1.06752e-09
-3.58067e-09
0.00135266
0.000353521
0.00204694
0.00126207
0.
0.
3.07678e-16
0.
0.0586921
0.0216177
0.0574039
0.0655677
-7.39283e-16
-3.22078e-16
0.00169578
0.00265206
0.
0.
-1.69096e-09
-2.88682e-08
0.0215897
0.0142007
0.00709132
0.0201958
0.000259354
0.00233035
7.48101e-14
3.09704e-11
0.
0.
0.000482992
0.00047534
3.79808e-08
7.15097e-08
7.32154e-17
-4.27771e-15
1.34105e-08
9.25256e-09
0.000973245
0.000367208
0.000823312
0.00106618
0.0681781
0.0448727
0.000397555
0.00166605
0.000209557
0.00021768
0.0981651
0.077502
0.00755957
0.00872513
9.80802e-08
1.79412e-05
1.00634e-05
0.00549005
0.000555285
-2.82404e-13
4.15515e-11
2.88195e-06
3.27841e-07
-4.23582e-12
2.97168e-11
0.00308281
0.00429807
0.0346375
0.00996942
0.0451432
0.0130303
0.00101897
0.00100304
0.
0.
0.
0.
0.0129974
0.00834931
0.0155137
0.0404856
0.0286052
0.00714568
0.
0.
0.
0.
4.02499e-17
0.
0.0139478
0.00706973
0.0127543
0.0231955
3.6755e-06
5.66646e-08
2.38672e-16
6.5554e-17
5.93171e-10
1.24311e-09
0.0409457
-0.256365
0.
0.
0.0225219
0.0407017
0.000390229
0.000167067
0.
0.
0.0320411
0.0153755
0.0127258
0.0188778
2.85757e-07
0.00765208
0.00591951
0.00101558
0.00112496
0.0783175
0.0840807
7.65706e-09
1.04621e-08
0.000203877
0.000323374
-6.91437e-10
-1.47399e-14
0.
0.
-2.83203e-16
-1.27481e-13
1.26068e-05
0.000153144
0.
0.
0.016934
0.082052
0.00274524
0.0049042
0.0438277
0.0117466
0.000976348
0.000488346
0.00819503
0.00579462
0.
0.
0.0125895
0.00392044
3.52982e-05
0.000491708
1.58501e-06
3.72248e-05
9.06956e-05
3.75872e-06
0.0325089
0.0937892
-6.49549e-15
-7.20439e-15
0.0153014
0.0139022
0.000505145
0.00204258
0.0477559
0.0174122
0.0380753
0.00994137
0.00177329
0.0078386
0.000133436
0.00309341
0.00623637
0.016193
0.000419229
0.
-9.87104e-19
0.00287969
0.00425707
5.21788e-06
2.27932e-05
1.32128e-06
0.00432733
0.00592189
-9.40083e-07
0.00700385
0.000944595
0.00899288
0.00836557
0.0125321
0.0495152
-6.39234e-09
2.44406e-08
2.19676e-07
4.81816e-08
3.90644e-05
0.000502421
0.
0.
2.31091e-08
-1.14893e-08
0.00170057
-1.08811e-15
0.
3.09764e-17
-3.77847e-16
0.00131848
0.00525711
4.46607e-07
6.72746e-05
2.50822e-06
0.00016219
0.
0.
6.17707e-17
3.96607e-14
0.
0.
0.012321
0.0689421
5.43297e-11
-1.31205e-13
0.0085938
0.0329972
5.67676e-15
-2.73197e-16
0.
1.83295e-16
5.35041e-07
2.00557e-05
0.00424631
0.00721373
-4.45085e-14
-6.10536e-07
-2.90556e-13
2.00342e-13
0.00108963
0.000253716
0.0166168
0.0107534
0.00547095
0.00421461
2.41592e-05
-1.84176e-08
-2.9547e-07
1.38564e-05
0.000100747
5.22086e-05
0.00235392
3.26462e-05
0.00725029
0.000194181
1.31868e-07
4.93129e-10
4.74448e-05
3.09808e-05
0.
0.
0.00291636
0.0149532
0.00697428
3.31711e-08
1.1837e-09
0.
0.
0.
0.
0.0108994
0.000463073
0.00302251
0.0125902
0.00900049
0.0101515
5.93845e-08
-7.4439e-18
-2.09118e-15
8.78673e-11
5.26635e-10
8.16637e-05
6.48642e-06
2.05431e-05
0.00205198
0.0234031
0.0051566
0.00428947
0.0175272
0.000225361
0.000244156
7.92944e-07
-3.36596e-14
1.75462e-07
7.91468e-07
7.56666e-15
0.
0.0150897
0.00606512
0.0147466
0.00141161
3.72904e-05
0.00106452
0.000408932
0.00321237
7.99359e-11
1.49673e-06
2.36556e-05
5.74022e-07
3.44213e-06
0.00013267
2.14321e-09
3.68886e-06
5.23981e-08
1.17282e-14
0.
0.
1.25874e-05
0.00026319
0.000228758
3.85096e-08
0.00120065
0.000148217
0.00123437
3.59083e-05
0.000537563
3.75743e-18
0.
9.49563e-07
1.15741e-11
2.11077e-05
0.000763545
4.44102e-09
2.71038e-17
1.09431e-05
7.37257e-11
0.000609713
0.000996073
0.00864132
0.000936182
0.00405063
0.00347301
0.000104249
0.000157287
0.
0.
0.
-9.74203e-15
-1.73648e-14
0.0849224
-0.226898
0.0747744
-0.210009
0.
0.
0.
0.0892183
0.0848383
0.0815418
0.0726922
-2.55221e-07
-1.68962e-09
0.
0.
2.0404e-16
0.062359
-0.189157
0.0563934
0.0581474
0.0490497
0.0301359
0.0577012
0.
-0.211552
0.0953291
0.0592125
0.0268419
0.000257856
1.86745e-05
0.0345036
0.0101663
0.0425665
0.014805
-0.194932
-0.166871
0.128559
0.0611562
0.
0.
0.00305556
0.00604962
0.00134316
0.00329173
0.0365845
0.0711665
-0.27418
0.0188821
0.0400136
0.05915
0.0922647
0.0298798
0.
0.
1.60159e-05
0.000146283
-2.67618e-15
-0.193095
-5.28886e-14
-2.05446e-09
-0.254813
0.103077
0.0740733
0.0804134
1.36383e-08
-1.00273e-13
0.
0.
0.0954035
-0.242254
0.0539268
0.0419533
0.043528
-0.236602
0.
3.63153e-08
4.07647e-09
0.0373742
-0.246412
0.0436072
0.0412632
2.28688e-12
-3.30602e-09
0.
0.
0.
-0.215374
0.0299733
0.0187946
0.0440525
0.
0.
0.00157945
0.000448997
-0.169342
0.014105
0.0278913
0.0723658
-0.263946
0.0314744
-0.2381
0.06772
0.
0.0220782
0.029798
0.0236996
0.0162821
0.0554475
0.0456785
0.0581062
0.0477297
1.75103e-05
4.57364e-06
0.000506471
0.0165626
0.00828989
-5.23938e-14
-8.89543e-14
1.23145e-08
0.0729854
0.0974147
0.00844934
0.00894135
0.
0.
0.0038711
0.
0.167341
-0.0544712
0.106722
-0.278613
0.0820406
0.0247456
0.
3.77745e-08
-1.98467e-10
8.81115e-16
0.
0.
2.17972e-08
4.42973e-05
0.0835419
0.0439803
-0.275074
0.00887043
0.0149498
-0.233043
0.0074536
0.0783379
0.
0.
2.12228e-16
0.
1.01666e-13
-9.70559e-16
-8.07176e-09
-8.41526e-08
-3.56144e-15
0.
0.0678294
0.0235462
0.0376701
0.0105588
1.94451e-05
7.12612e-06
0.0019628
0.00827797
0.0005947
0.00260378
5.10692e-07
1.10787e-05
8.16848e-06
5.57516e-07
0.000548039
9.21823e-05
0.00921385
0.00626612
0.0206281
0.00545403
0.128474
0.0328228
0.0246587
0.0224287
-1.07335e-07
-2.67778e-14
-1.99628e-13
0.00360241
4.07954e-06
0.000396917
0.00474133
0.000146574
0.000729061
-7.50669e-10
-1.04941e-09
-2.56153e-08
1.51876e-07
6.06389e-09
0.
0.
0.
0.0237911
0.00914088
-0.241972
0.000413185
-3.68053e-12
8.44227e-05
2.81521e-08
-1.356e-06
8.9417e-06
0.00295048
0.0103151
0.0311902
0.0187849
1.22268e-05
5.99208e-09
3.79223e-06
0.000172576
3.03515e-15
0.0304025
0.000569867
0.00193267
0.0070696
0.0878057
0.0268645
0.00646015
-0.0119107
0.
0.
0.
-2.59613e-12
0.000898044
1.03551e-07
5.69022e-11
3.87435e-06
3.36222e-10
7.62201e-11
3.60029e-09
2.24885e-11
-3.91496e-07
0.
0.0140235
0.0116165
0.000128392
0.0763697
0.117066
0.000508857
0.0856127
0.00152097
0.00208892
-0.206021
0.
-4.32974e-10
0.0136214
0.0758181
-0.177288
0.0372454
0.
0.
0.
0.0778649
-0.269024
-5.40064e-19
0.
0.0188913
0.123542
2.43114e-15
0.
0.0431071
-2.81654e-11
0.
-0.247379
0.0696025
-3.94944e-14
0.
-0.195626
0.0489559
-1.74519e-08
9.17734e-17
0.0132389
-3.34056e-10
-1.26029e-16
-1.70019e-15
0.0399358
4.9849e-05
0.0742108
-5.18349e-07
0.00249958
0.00377194
0.0922221
3.42346e-05
0.00851984
0.0701541
-4.27606e-07
0.00901278
0.0769158
0.0376675
8.99406e-05
0.0200328
0.0524846
0.0343774
0.132708
0.0622957
0.0367481
0.0091723
-0.0506137
0.0846413
-0.270673
0.
0.0492669
