Vec Object: 2 MPI processes
  type: mpi
Process [0]
-0.418799
-0.186789
-0.366099
-0.41796
-0.436193
-0.443648
-0.446317
-0.186372
0.494814
0.359555
0.299366
0.271555
0.258687
0.25368
-0.367085
0.358197
0.245325
0.188102
0.158392
0.143856
0.13777
-0.419542
0.297016
0.186971
0.130548
0.100041
0.0842011
0.0761894
-0.436922
0.270288
0.157923
0.100501
0.0689515
0.0519312
0.0425283
-0.443497
0.258169
0.143379
0.084781
0.0524026
0.0345943
0.024833
0.0204904
-0.446237
0.252498
0.136124
0.0767263
0.0439131
0.0259029
0.016426
0.0108362
-0.447447
0.249819
0.132567
0.0727202
0.0397031
0.0216182
0.0121841
0.00729761
-0.44803
0.248537
0.130849
0.0707931
0.0377043
0.0196067
0.0102621
0.00557867
-0.448411
0.247861
0.129997
0.0698958
0.0368367
0.0187577
0.00944245
0.00476938
-0.448865
0.247381
0.129508
0.0694777
0.0365607
0.0185394
0.00922418
0.00453614
-0.449735
0.2469
0.129199
0.0692718
0.036622
0.0187242
0.00939373
0.00463194
-0.451843
0.246469
0.12937
0.0693007
0.0368957
0.0191763
0.00983804
0.00495113
-0.457802
0.246647
0.131371
0.0703141
0.0374771
0.0197284
0.0103635
0.00532928
-0.47659
0.249388
0.137187
0.0744234
0.0398892
0.0211702
0.0112837
0.00591911
Process [1]
0.00520788
0.00478236
0.00495127
0.00514798
0.0053512
0.00563473
0.00608451
0.00321161
0.00235369
0.00237214
0.00247995
0.00262616
0.00281976
0.0030621
0.0021756
0.00115587
0.00106876
0.00110999
0.0012089
0.00133543
0.00148732
0.00188206
0.000726332
0.000554208
0.000527395
0.000565986
0.000635683
0.000732339
0.00185353
0.00057477
0.000342348
0.00026907
0.000267263
0.000298902
0.000352301
0.00199445
0.00058009
0.000282677
0.000168572
0.00013627
0.000140481
0.000164227
0.00221226
0.00069344
0.000309522
0.000148637
8.67177e-05
6.78821e-05
6.98388e-05
0.00252491
0.000832638
0.000383429
0.000174625
8.09538e-05
3.97958e-05
2.30051e-05
-0.449279
-0.44786
-0.448085
-0.448742
-0.449788
-0.45201
-0.458033
-0.476652
0.250209
0.248819
0.247976
0.24733
0.246762
0.246141
0.245745
0.248668
0.134248
0.129773
0.128524
0.128025
0.127917
0.128331
0.130057
0.135902
0.0728873
0.0686497
0.067659
0.0673234
0.0673835
0.0679671
0.0695901
0.0737693
0.0395905
0.0370007
0.0360813
0.0358642
0.0359552
0.0363773
0.0374627
0.0399051
0.0195309
0.0188865
0.0189843
0.0191727
0.0194894
0.0201672
0.0215153
0.00953991
0.00949764
0.00981297
0.0100696
0.0103374
0.0107685
0.0115415
