Vec Object: 1 MPI process
  type: mpi
Process [0]
0.00145536
0.00343051
0.010684
0.00695025
1.72262e-09
3.51341e-10
5.96201e-09
0.0138335
0.0220034
2.41741e-08
0.00989504
0.00776407
0.00174409
0.00221865
0.0214926
0.0132399
0.0114141
0.0125793
0.00825856
0.00660103
0.00564161
0.00397686
0.00555513
0.00338321
0.00388024
0.00811284
0.00321577
0.00811355
0.00402085
0.0021805
0.00608405
0.00341271
0.00966623
0.00403331
0.0121197
0.001569
0.00512628
0.00180027
0.00640998
0.00350599
0.00149087
0.0104225
0.00187776
0.0107958
0.00391759
0.00152162
0.000432199
0.00515564
0.000762966
0.00615783
0.00135979
0.00109139
0.00328442
0.000210259
0.0100402
0.000267176
0.0113283
0.00302521
0.000967438
0.000383102
0.00138982
6.84925e-05
0.00544733
0.000108525
0.00516987
0.00107416
0.000649305
0.00105128
0.000228762
0.00277202
2.36179e-05
0.0101522
2.85202e-05
0.00315403
0.00802683
0.00138566
0.000258942
0.00129329
3.05801e-05
0.00155922
1.05575e-05
0.00547302
2.12682e-05
0.000280391
0.00327282
0.00523175
0.00075787
0.000443074
1.70607e-05
7.51747e-05
0.00401403
0.0101875
3.6607e-06
5.33005e-05
0.00153204
0.0110968
0.000474887
0.00025956
3.84111e-06
7.92512e-06
0.00206339
0.00565725
3.20804e-05
2.79861e-06
0.000164256
0.00125882
0.00415558
0.000186077
0.000111245
0.00123784
6.10247e-06
2.21725e-06
0.00344978
0.00937876
2.63511e-06
7.26184e-07
3.75344e-05
0.000737358
0.003894
0.00845902
2.70583e-05
0.000284255
1.8959e-06
1.20722e-06
0.0016542
0.0049912
7.96658e-06
1.95756e-06
4.22642e-07
4.30493e-05
8.38503e-05
0.00210917
0.00364082
0.000186371
1.83354e-05
0.00105831
4.76552e-07
0.003123
0.00823893
7.76136e-07
3.95465e-07
1.35098e-07
9.97557e-06
9.09766e-05
0.00087243
0.00322961
4.31689e-05
5.02236e-06
0.000256102
4.54357e-07
0.00133226
0.00406411
5.03085e-07
2.87425e-06
2.71439e-07
7.65428e-08
4.27728e-05
0.000409644
0.00085078
0.00116183
0.00484378
2.65907e-05
0.000184732
2.30358e-06
0.000858587
1.74061e-07
0.00252962
0.00620619
2.28195e-07
1.28367e-06
6.79905e-08
2.86453e-08
1.54426e-05
4.60478e-05
0.000185719
0.0011119
0.00178946
1.02031e-05
6.17966e-05
1.26917e-06
0.000263965
2.06578e-07
0.000797058
0.00333594
7.17202e-07
1.30304e-07
8.96037e-06
4.46088e-08
1.94991e-08
4.80133e-05
5.33362e-05
0.000171546
0.000597153
0.00230308
5.45747e-06
3.29442e-05
0.000192093
6.0331e-07
0.000551656
6.2914e-08
0.00135685
0.00331186
6.51388e-07
1.11755e-07
3.82565e-06
2.02999e-08
6.70263e-09
4.52524e-05
7.87948e-05
8.8749e-05
0.00453524
4.1983e-06
5.38246e-05
0.000158355
5.38844e-07
0.000374237
6.56307e-08
0.00062986
0.00173662
2.04294e-06
3.10092e-07
7.07942e-08
1.0566e-05
1.47182e-08
3.62754e-08
2.16529e-05
4.66718e-05
0.00595904
1.54643e-05
1.36104e-06
8.93307e-05
0.000292286
4.01692e-07
2.76761e-07
0.00273009
2.62963e-06
8.95174e-07
7.69382e-08
5.04558e-06
3.073e-09
1.04818e-08
0.00909933
7.7848e-06
6.90659e-06
1.60317e-06
4.023e-07
0.0014396
1.82198e-06
2.94949e-07
2.82335e-08
1.12196e-08
1.13777e-08
9.45207e-08
0.0109842
9.18118e-07
7.21624e-07
1.99902e-07
0.00238833
1.44282e-07
1.3338e-07
3.15388e-09
4.71002e-09
2.53075e-08
2.96217e-08
1.41179e-09
2.26617e-08
2.42576e-09
1.09519e-08
9.52757e-09
3.55944e-09
1.09246e-08
8.0336e-09
8.59101e-10
1.01123e-09
5.84883e-09
1.142e-09
1.35165e-09
2.08186e-10
0.00492686
0.00196317
0.0158879
0.00398658
0.0010226
0.0192021
0.0243214
0.00725383
0.00196156
0.000446358
0.0151325
0.0465949
0.0276628
0.00827425
0.002509
0.000674722
0.000127225
0.0174018
0.0279311
0.0910798
0.00797118
0.00254163
0.000757673
0.000180008
2.96477e-05
0.0536753
-0.0195436
0.00694565
0.00236186
0.000735346
0.000196297
4.25657e-05
6.6102e-06
0.0839745
0.0329571
0.0594919
-0.156567
0.000685511
0.000193521
4.65558e-05
9.47138e-06
1.39278e-06
-0.168792
0.0882562
0.039818
0.0616429
0.000186962
4.71579e-05
1.04389e-05
2.01793e-06
2.88216e-07
-0.186157
0.0902733
0.0214522
0.0418891
0.0628855
4.76564e-05
1.08585e-05
2.24792e-06
4.17198e-07
5.54446e-08
-0.186744
0.0915543
0.0275032
0.0433145
0.0633134
1.14616e-05
2.39652e-06
4.69358e-07
8.33885e-08
1.13305e-08
-0.186718
0.0919725
0.030095
0.0438186
0.0633834
2.63e-06
5.11853e-07
9.52278e-08
1.65625e-08
-0.186655
0.092058
0.0309179
0.0438805
0.0633938
5.81178e-07
1.06279e-07
1.8992e-08
3.38147e-09
-0.186619
0.0920756
0.0309718
0.0439033
0.0633846
1.24531e-07
2.16318e-08
3.86196e-09
-0.186605
0.0920791
0.0311088
0.0438512
0.0633492
2.61094e-08
4.45893e-09
9.4888e-10
-0.186604
0.0920761
0.0310074
0.0436589
0.0633298
5.45291e-09
1.04505e-09
1.38869e-09
-0.18659
0.0920296
0.0304802
0.0434341
0.0638029
1.21546e-09
9.69317e-10
7.76157e-09
-0.186459
0.0920242
0.0293818
0.0435636
0.0672347
8.22613e-10
4.14104e-09
3.58877e-08
-0.185862
0.0942547
0.0278934
0.044945
0.0725827
3.4689e-09
1.99829e-08
3.7282e-08
1.6044e-07
-0.183746
0.108052
0.0445121
1.69441e-08
9.69663e-08
1.56859e-07
7.18602e-07
-0.170403
0.114342
0.0445094
8.29526e-08
4.63528e-07
6.79087e-07
1.33967e-07
3.14099e-06
-0.0448598
0.114199
0.0698163
3.9999e-07
2.15604e-06
2.91675e-06
5.54538e-07
1.32457e-05
-0.0446378
0.106417
0.0344171
0.0653922
1.88072e-06
9.697e-06
1.20819e-05
2.3747e-06
5.35992e-05
-0.171086
0.0925912
0.0419928
0.0632047
8.56605e-06
4.18943e-05
4.81047e-05
9.56924e-06
0.000206354
-0.184947
0.0910879
0.0231307
0.0432743
0.0632424
3.75247e-05
0.000172488
0.000180842
3.71438e-05
0.00074899
-0.186554
0.0916434
0.0280926
0.0436506
0.0633069
0.000156733
0.000671211
0.000630553
0.000129552
0.0025112
-0.186796
0.0918886
0.0301226
0.0435188
0.0633535
0.000618338
0.00244805
0.000399356
0.00192798
0.00738301
-0.186801
0.091964
0.0301515
0.0436074
0.0634299
0.00228948
0.0082651
0.00100372
0.00448921
0.0164987
-0.186766
0.0920157
0.0306073
0.0437781
0.0635124
0.00802783
0.0244749
0.00146446
0.00562479
0.0184207
-0.186734
0.092062
0.0309755
0.0439695
0.0634601
0.0277821
0.0465493
0.00225143
0.00119849
0.0144906
-0.186708
0.0920567
0.0312454
0.0437504
0.0632475
0.091072
0.0277817
0.0172739
-0.186679
0.0918904
0.0302013
0.0435569
0.0626062
0.00697616
-0.0193806
0.0564176
-0.186567
0.0912083
0.0296555
0.0431803
0.0616546
-0.156183
0.0858585
-0.18642
0.0895491
0.0272617
0.0425338
-0.168056
-0.185035
