Vec Object: 1 MPI process
  type: mpi
Process [0]
0.574815
0.459914
0.797272
0.99883
0.0976367
0.0545262
0.0588258
2.7911
3.02297
0.110643
3.0997
2.88668
0.661874
0.555535
0.934712
1.14289
3.11772
3.04996
2.89087
2.81653
2.753
2.67691
2.6483
2.60712
2.53798
2.58518
2.48346
2.48084
2.47574
2.38196
2.35116
2.36155
2.45567
2.2912
2.31006
2.25046
2.3337
2.17447
2.19404
2.23686
2.14588
2.31233
2.07454
2.16363
2.09511
2.10793
2.01769
2.19005
1.93564
2.03292
1.96803
1.99877
2.09435
1.91427
2.15598
1.80469
1.99877
1.95131
1.82215
1.85095
1.97243
1.7688
2.02493
1.67397
1.86578
1.80913
1.72393
1.85447
1.74728
1.9445
1.6705
1.97825
1.53182
1.75314
1.82279
1.72204
1.57393
1.73436
1.60503
1.79644
1.5084
1.84139
1.42882
1.48325
1.61532
1.67591
1.56514
1.62772
1.49023
1.56782
1.74623
1.80209
1.30257
1.35352
1.50185
1.61721
1.47227
1.49788
1.35809
1.40709
1.60151
1.66481
1.26109
1.2121
1.29461
1.36843
1.49824
1.35334
1.37671
1.50158
1.33223
1.23288
1.57697
1.62616
1.13502
1.07984
1.16793
1.26959
1.35464
1.43178
1.23458
1.33197
1.16613
1.12009
1.41364
1.47952
1.08487
1.04764
0.990251
1.09621
1.15729
1.22977
1.30476
1.21741
1.12829
1.30766
1.00309
1.38684
1.43974
0.957382
0.925643
0.87476
0.963612
1.03886
1.0916
1.20579
1.06516
0.99888
1.1418
0.913078
1.21971
1.28155
0.88071
0.893317
0.846428
0.794114
0.898888
0.996103
0.971608
1.00941
1.20455
0.973379
1.03031
0.907308
1.10967
0.80137
1.18184
1.23587
0.760847
0.771357
0.730115
0.688466
0.760753
0.82704
0.823869
0.824015
0.906633
0.833542
0.866932
0.789951
0.93016
0.703376
1.00562
1.01447
0.705952
0.688834
0.699259
0.661743
0.619279
0.694774
0.744824
0.67024
0.661199
0.827909
0.758933
0.779701
0.81407
0.690208
0.891952
0.613595
0.898172
1.002
0.584636
0.573093
0.580461
0.545996
0.524968
0.557024
0.600515
0.529769
1.01951
0.646071
0.605167
0.639942
0.590427
0.699303
0.507845
0.686092
0.711196
0.530258
0.528247
0.513718
0.481068
0.494136
0.463579
0.445353
0.483619
0.792064
0.551789
0.56182
0.53914
0.578706
0.494485
0.45619
0.878985
0.41031
0.389108
0.425249
0.369982
0.409236
0.394746
0.873331
0.445885
0.451144
0.39794
0.351648
0.553044
0.344618
0.36435
0.364872
0.363399
0.370364
0.30584
0.669007
0.367613
0.312285
0.282487
0.683312
0.280924
0.286113
0.288054
0.309467
0.26293
0.224161
0.255098
0.23319
0.25944
0.209792
0.18617
0.176411
0.2059
0.162925
0.164357
0.136159
0.111419
0.0985624
0.0615417
0.0537605
0.4039
0.497957
0.29286
0.376276
0.446252
0.326877
0.167784
0.266778
0.343668
0.40506
0.405726
0.194249
0.0534818
0.144801
0.241452
0.309921
0.345342
0.50396
0.18103
0.0712628
0.0429377
0.128231
0.216162
0.267033
0.290333
0.772655
0.213641
0.0307625
0.0369729
0.11368
0.187014
0.226214
0.245766
0.561791
0.961946
1.02008
-0.132982
0.0323918
0.0982422
0.158883
0.190954
0.20967
0.222906
0.851369
1.12513
1.2384
0.0278996
0.0834981
0.133992
0.160368
0.16401
0.517078
1.0964
1.1565
1.30398
1.44143
0.0236948
0.0703675
0.111563
0.126489
0.130019
0.776464
1.31121
1.31371
1.49124
1.63395
0.0199568
0.058378
0.088081
0.0985621
0.108418
0.99791
1.50844
1.49228
1.67773
1.8189
0.0165311
0.0460035
0.0673765
0.0772822
1.19765
1.69557
1.67434
1.86
1.99781
0.0130082
0.0346412
0.050032
0.0619496
1.38556
1.87524
1.85309
2.03778
2.17055
0.00968404
0.0245884
0.0356171
1.56532
2.04806
2.02946
2.21017
2.33721
0.00662939
0.0158853
0.0266296
1.73826
2.21544
2.20246
2.37542
2.50114
0.00397052
0.0100783
0.0260109
1.90587
2.38035
2.36493
2.5359
2.66921
0.00221366
0.00986575
0.0329862
2.07023
2.5489
2.5174
2.69484
2.85511
0.00216727
0.0148978
0.0497193
2.2371
2.73744
2.65585
2.86042
3.06141
0.00374886
0.0245011
0.0771687
0.0701175
2.41781
2.96582
3.19923
0.00661709
0.0359907
0.103244
0.0923329
2.64591
3.19725
3.19643
0.0100628
0.0482501
0.133046
0.138659
0.116004
2.99841
3.19589
3.05339
0.0136539
0.060949
0.166297
0.173442
0.139384
2.99793
2.96051
3.01257
2.86221
0.0172809
0.0732702
0.199788
0.2162
0.160593
2.64073
2.73996
2.87492
2.68665
0.0207636
0.0845189
0.228822
0.259782
0.183227
2.41875
2.56201
2.8163
2.72134
2.51859
0.0239661
0.0962859
0.26198
0.294132
0.204755
2.2479
2.39572
2.69938
2.55627
2.35036
0.0273284
0.10809
0.291169
0.339758
0.22932
2.08457
2.22832
2.54103
2.38776
2.18197
0.0308406
0.12235
0.375311
0.323732
0.261061
1.91832
2.05951
2.37394
2.22126
2.00953
0.0353402
0.142025
0.415202
0.36727
0.294268
1.74962
1.88641
2.21234
2.05034
1.82939
0.0421583
0.16809
0.481475
0.406637
0.324745
1.57612
1.7055
2.04444
1.87079
1.64096
0.0535271
0.19315
0.551174
0.444313
0.383494
1.395
1.51589
1.86559
1.68303
1.44765
0.0710229
0.172634
0.476102
1.20514
1.31804
1.67548
1.49654
1.2442
0.0291905
0.199325
0.747987
1.00516
1.10197
1.49461
1.31108
1.01866
-0.142255
0.546727
0.782259
0.85149
1.32064
1.12894
0.21104
0.51818
