Mat Object: (p_) 1 MPI process
  type: seqaij
row 0: (0, 2.)  (10, -0.454008)  (225, -1.09198)  (242, -0.454008) 
row 1: (1, 2.)  (226, -1.09199)  (227, -0.454009)  (241, -0.454008) 
row 2: (2, 2.)  (17, -0.454008)  (227, -1.09198)  (233, -0.454009) 
row 3: (3, 2.)  (5, -0.454008)  (228, -1.09198)  (229, -0.454008) 
row 4: (4, 2.)  (14, -0.454007)  (226, -0.45401)  (229, -1.09198) 
row 5: (3, -0.454008)  (5, 2.)  (15, -0.454008)  (230, -1.09198) 
row 6: (6, 2.)  (231, -1.09198)  (235, -0.454009)  (238, -0.454008) 
row 7: (7, 2.)  (10, -0.454008)  (11, -0.454008)  (232, -1.09198) 
row 8: (8, 2.)  (32, -0.454008)  (233, -1.09198)  (234, -0.454008) 
row 9: (9, 2.)  (17, -0.454008)  (19, -0.454008)  (234, -1.09198) 
row 10: (0, -0.454008)  (7, -0.454008)  (10, 2.)  (235, -1.09198) 
row 11: (7, -0.454008)  (11, 2.)  (225, -0.454008)  (236, -1.09198) 
row 12: (12, 2.)  (227, -0.454007)  (237, -1.09198)  (241, -0.454008) 
row 13: (13, 2.)  (33, -0.454008)  (69, -0.454008)  (238, -1.09198) 
row 14: (4, -0.454007)  (14, 2.)  (16, -0.454008)  (239, -1.09198) 
row 15: (5, -0.454008)  (15, 2.)  (240, -1.09198)  (262, -0.454008) 
row 16: (14, -0.454008)  (16, 2.)  (241, -1.09198)  (248, -0.454008) 
row 17: (2, -0.454008)  (9, -0.454008)  (17, 2.)  (242, -1.09198) 
row 18: (18, 2.)  (231, -0.454008)  (243, -1.09198)  (258, -0.454009) 
row 19: (9, -0.454008)  (19, 2.)  (225, -0.454008)  (244, -1.09198) 
row 20: (20, 2.)  (239, -0.454008)  (245, -1.09198)  (246, -0.454009) 
row 21: (21, 2.)  (22, -0.454008)  (74, -0.454008)  (246, -1.09198) 
row 22: (21, -0.454008)  (22, 2.)  (239, -0.454008)  (247, -1.09198) 
row 23: (23, 2.)  (52, -0.454008)  (247, -0.454008)  (248, -1.09198) 
row 24: (24, 2.)  (112, -0.454008)  (249, -1.09198)  (250, -0.454008) 
row 25: (25, 2.)  (35, -0.454008)  (250, -1.09198)  (307, -0.454009) 
row 26: (26, 2.)  (56, -0.454008)  (69, -0.454008)  (251, -1.09198) 
row 27: (27, 2.)  (236, -0.454008)  (251, -0.454008)  (252, -1.09198) 
row 28: (28, 2.)  (31, -0.454008)  (253, -1.09198)  (265, -0.454008) 
row 29: (29, 2.)  (55, -0.454008)  (254, -1.09198)  (265, -0.454008) 
row 30: (30, 2.)  (226, -0.454009)  (228, -0.454007)  (255, -1.09198) 
row 31: (28, -0.454008)  (31, 2.)  (252, -0.454008)  (256, -1.09198) 
row 32: (8, -0.454008)  (32, 2.)  (41, -0.454008)  (257, -1.09198) 
row 33: (13, -0.454008)  (33, 2.)  (258, -1.09198)  (259, -0.454009) 
row 34: (34, 2.)  (259, -1.09198)  (288, -0.454008)  (294, -0.454008) 
row 35: (25, -0.454008)  (35, 2.)  (237, -0.454008)  (260, -1.09198) 
row 36: (36, 2.)  (257, -0.454008)  (260, -0.454008)  (261, -1.09198) 
row 37: (37, 2.)  (38, -0.454008)  (262, -1.09198)  (268, -0.454008) 
row 38: (37, -0.454008)  (38, 2.)  (245, -0.454007)  (263, -1.09198) 
row 39: (39, 2.)  (66, -0.454007)  (246, -0.45401)  (264, -1.09198) 
row 40: (40, 2.)  (265, -1.09198)  (283, -0.454008)  (284, -0.454008) 
row 41: (32, -0.454008)  (41, 2.)  (266, -1.09198)  (279, -0.454008) 
row 42: (42, 2.)  (65, -0.454008)  (263, -0.454008)  (267, -1.09198) 
row 43: (43, 2.)  (267, -0.454008)  (268, -1.09198)  (311, -0.454008) 
row 44: (44, 2.)  (269, -1.09198)  (270, -0.454008)  (295, -0.454008) 
row 45: (45, 2.)  (67, -0.454008)  (270, -1.09198)  (271, -0.454008) 
row 46: (46, 2.)  (68, -0.454008)  (271, -1.09198)  (272, -0.454008) 
row 47: (47, 2.)  (64, -0.454008)  (259, -0.454009)  (272, -1.09198) 
row 48: (48, 2.)  (68, -0.454008)  (273, -1.09198)  (336, -0.454008) 
row 49: (49, 2.)  (50, -0.454008)  (179, -0.454008)  (274, -1.09198) 
row 50: (49, -0.454008)  (50, 2.)  (261, -0.454008)  (275, -1.09198) 
row 51: (51, 2.)  (276, -1.09198)  (277, -0.454008)  (300, -0.454008) 
row 52: (23, -0.454008)  (52, 2.)  (112, -0.454008)  (277, -1.09198) 
row 53: (53, 2.)  (54, -0.454008)  (257, -0.454008)  (278, -1.09198) 
row 54: (53, -0.454008)  (54, 2.)  (83, -0.454008)  (279, -1.09198) 
row 55: (29, -0.454008)  (55, 2.)  (279, -0.454008)  (280, -1.09198) 
row 56: (26, -0.454008)  (56, 2.)  (281, -1.09198)  (313, -0.454008) 
row 57: (57, 2.)  (63, -0.454008)  (282, -1.09198)  (294, -0.454008) 
row 58: (58, 2.)  (283, -1.09198)  (285, -0.454008)  (318, -0.454008) 
row 59: (59, 2.)  (106, -0.454008)  (284, -1.09198)  (285, -0.454008) 
row 60: (60, 2.)  (92, -0.454008)  (285, -1.09198)  (321, -0.454008) 
row 61: (61, 2.)  (62, -0.454008)  (78, -0.454008)  (286, -1.09198) 
row 62: (61, -0.454008)  (62, 2.)  (287, -1.09198)  (307, -0.454007) 
row 63: (57, -0.454008)  (63, 2.)  (288, -1.09198)  (334, -0.454008) 
row 64: (47, -0.454008)  (64, 2.)  (288, -0.454008)  (289, -1.09198) 
row 65: (42, -0.454008)  (65, 2.)  (290, -1.09198)  (328, -0.454008) 
row 66: (39, -0.454007)  (66, 2.)  (291, -1.09198)  (299, -0.454008) 
row 67: (45, -0.454008)  (67, 2.)  (292, -1.09198)  (293, -0.454008) 
row 68: (46, -0.454008)  (48, -0.454008)  (68, 2.)  (293, -1.09198) 
row 69: (13, -0.454008)  (26, -0.454008)  (69, 2.)  (294, -1.09198) 
row 70: (70, 2.)  (87, -0.454008)  (292, -0.454008)  (295, -1.09198) 
row 71: (71, 2.)  (72, -0.454008)  (296, -1.09198)  (361, -0.454008) 
row 72: (71, -0.454008)  (72, 2.)  (291, -0.454008)  (297, -1.09198) 
row 73: (73, 2.)  (298, -1.09198)  (299, -0.454008)  (300, -0.454008) 
row 74: (21, -0.454008)  (74, 2.)  (276, -0.454008)  (299, -1.09198) 
row 75: (75, 2.)  (76, -0.454008)  (150, -0.454008)  (300, -1.09198) 
row 76: (75, -0.454008)  (76, 2.)  (120, -0.454008)  (301, -1.09198) 
row 77: (77, 2.)  (301, -0.454008)  (302, -1.09198)  (337, -0.454008) 
row 78: (61, -0.454008)  (78, 2.)  (79, -0.454008)  (303, -1.09198) 
row 79: (78, -0.454008)  (79, 2.)  (119, -0.454008)  (304, -1.09198) 
row 80: (80, 2.)  (101, -0.454008)  (201, -0.454009)  (305, -1.09198) 
row 81: (81, 2.)  (179, -0.454008)  (275, -0.454008)  (306, -1.09198) 
row 82: (82, 2.)  (261, -0.454008)  (274, -0.454009)  (307, -1.09198) 
row 83: (54, -0.454008)  (83, 2.)  (84, -0.454008)  (308, -1.09198) 
row 84: (83, -0.454008)  (84, 2.)  (280, -0.454008)  (309, -1.09198) 
row 85: (85, 2.)  (100, -0.454008)  (289, -0.454008)  (310, -1.09198) 
row 86: (86, 2.)  (116, -0.454008)  (154, -0.454008)  (311, -1.09198) 
row 87: (70, -0.454008)  (87, 2.)  (311, -0.454008)  (312, -1.09198) 
row 88: (88, 2.)  (89, -0.454008)  (90, -0.454008)  (313, -1.09198) 
row 89: (88, -0.454008)  (89, 2.)  (107, -0.454008)  (314, -1.09198) 
row 90: (88, -0.454008)  (90, 2.)  (91, -0.454008)  (315, -1.09198) 
row 91: (90, -0.454008)  (91, 2.)  (314, -0.454008)  (316, -1.09198) 
row 92: (60, -0.454008)  (92, 2.)  (317, -1.09198)  (320, -0.454008) 
row 93: (93, 2.)  (94, -0.454008)  (318, -1.09198)  (321, -0.454008) 
row 94: (93, -0.454008)  (94, 2.)  (316, -0.454008)  (319, -1.09198) 
row 95: (95, 2.)  (96, -0.454008)  (320, -1.09198)  (378, -0.454008) 
row 96: (95, -0.454008)  (96, 2.)  (97, -0.454008)  (321, -1.09198) 
row 97: (96, -0.454008)  (97, 2.)  (319, -0.454008)  (322, -1.09198) 
row 98: (98, 2.)  (289, -0.454008)  (323, -1.09198)  (325, -0.454009) 
row 99: (99, 2.)  (111, -0.454008)  (323, -0.454008)  (324, -1.09198) 
row 100: (85, -0.454008)  (100, 2.)  (147, -0.454008)  (325, -1.09198) 
row 101: (80, -0.454008)  (101, 2.)  (287, -0.454008)  (326, -1.09198) 
row 102: (102, 2.)  (326, -0.454008)  (327, -1.09198)  (404, -0.454008) 
row 103: (103, 2.)  (328, -1.09198)  (379, -0.454008)  (439, -0.454008) 
row 104: (104, 2.)  (328, -0.454008)  (329, -1.09198)  (338, -0.454007) 
row 105: (105, 2.)  (278, -0.454008)  (308, -0.454008)  (330, -1.09198) 
row 106: (59, -0.454008)  (106, 2.)  (317, -0.454008)  (331, -1.09198) 
row 107: (89, -0.454008)  (107, 2.)  (281, -0.454008)  (332, -1.09198) 
row 108: (108, 2.)  (282, -0.454008)  (332, -0.454008)  (333, -1.09198) 
row 109: (109, 2.)  (333, -0.454008)  (334, -1.09198)  (356, -0.454008) 
row 110: (110, 2.)  (293, -0.454008)  (335, -1.09198)  (336, -0.454008) 
row 111: (99, -0.454008)  (111, 2.)  (336, -1.09198)  (433, -0.454008) 
row 112: (24, -0.454008)  (52, -0.454008)  (112, 2.)  (337, -1.09198) 
row 113: (113, 2.)  (291, -0.454008)  (296, -0.454009)  (338, -1.09198) 
row 114: (114, 2.)  (141, -0.454008)  (339, -1.09198)  (403, -0.454008) 
row 115: (115, 2.)  (154, -0.454008)  (214, -0.454008)  (340, -1.09198) 
row 116: (86, -0.454008)  (116, 2.)  (340, -0.454008)  (341, -1.09198) 
row 117: (117, 2.)  (219, -0.454008)  (335, -0.454008)  (342, -1.09198) 
row 118: (118, 2.)  (219, -0.454008)  (343, -1.09198)  (381, -0.454008) 
row 119: (79, -0.454008)  (119, 2.)  (344, -1.09198)  (374, -0.454008) 
row 120: (76, -0.454008)  (120, 2.)  (220, -0.454008)  (345, -1.09198) 
row 121: (121, 2.)  (208, -0.454008)  (209, -0.454008)  (346, -1.09198) 
row 122: (122, 2.)  (146, -0.454008)  (325, -0.454009)  (347, -1.09198) 
row 123: (123, 2.)  (346, -0.454008)  (348, -1.09198)  (405, -0.454008) 
row 124: (124, 2.)  (349, -1.09198)  (350, -0.454008)  (411, -0.454008) 
row 125: (125, 2.)  (126, -0.454008)  (200, -0.454008)  (350, -1.09198) 
row 126: (125, -0.454008)  (126, 2.)  (351, -1.09198)  (427, -0.454008) 
row 127: (127, 2.)  (181, -0.454008)  (352, -1.09198)  (353, -0.454008) 
row 128: (128, 2.)  (129, -0.454008)  (330, -0.454008)  (353, -1.09198) 
row 129: (128, -0.454008)  (129, 2.)  (354, -1.09198)  (424, -0.454008) 
row 130: (130, 2.)  (309, -0.454008)  (354, -0.454008)  (355, -1.09198) 
row 131: (131, 2.)  (168, -0.454008)  (210, -0.454008)  (356, -1.09198) 
row 132: (132, 2.)  (331, -0.454008)  (355, -0.454008)  (357, -1.09198) 
row 133: (133, 2.)  (358, -1.09198)  (390, -0.454008)  (446, -0.454008) 
row 134: (134, 2.)  (138, -0.454008)  (317, -0.454008)  (359, -1.09198) 
row 135: (135, 2.)  (151, -0.454008)  (316, -0.454008)  (360, -1.09198) 
row 136: (136, 2.)  (160, -0.454008)  (361, -1.09198)  (422, -0.454008) 
row 137: (137, 2.)  (360, -0.454008)  (362, -1.09198)  (441, -0.454008) 
row 138: (134, -0.454008)  (138, 2.)  (363, -1.09198)  (396, -0.454008) 
row 139: (139, 2.)  (217, -0.454008)  (362, -0.454008)  (364, -1.09198) 
row 140: (140, 2.)  (329, -0.454008)  (365, -1.09198)  (366, -0.454009) 
row 141: (114, -0.454008)  (141, 2.)  (366, -1.09198)  (409, -0.454008) 
row 142: (142, 2.)  (367, -1.09198)  (420, -0.454009)  (421, -0.454008) 
row 143: (143, 2.)  (305, -0.454008)  (344, -0.454008)  (368, -1.09198) 
row 144: (144, 2.)  (153, -0.454008)  (364, -0.454008)  (369, -1.09198) 
row 145: (145, 2.)  (201, -0.454008)  (368, -0.454008)  (370, -1.09198) 
row 146: (122, -0.454008)  (146, 2.)  (371, -1.09198)  (372, -0.454008) 
row 147: (100, -0.454008)  (147, 2.)  (372, -1.09198)  (435, -0.454008) 
row 148: (148, 2.)  (163, -0.454008)  (197, -0.454008)  (373, -1.09198) 
row 149: (149, 2.)  (173, -0.454008)  (374, -1.09198)  (445, -0.454008) 
row 150: (75, -0.454008)  (150, 2.)  (373, -0.454008)  (375, -1.09198) 
row 151: (135, -0.454008)  (151, 2.)  (376, -1.09198)  (430, -0.454008) 
row 152: (152, 2.)  (363, -0.454008)  (377, -1.09198)  (448, -0.454008) 
row 153: (144, -0.454008)  (153, 2.)  (377, -0.454008)  (378, -1.09198) 
row 154: (86, -0.454008)  (115, -0.454008)  (154, 2.)  (379, -1.09198) 
row 155: (155, 2.94767)  (380, -1.25232)  (381, -0.520672) 
row 156: (156, 2.94767)  (157, -0.520672)  (381, -1.25232) 
row 157: (156, -0.520672)  (157, 2.227)  (382, -1.25232)  (444, -0.454008) 
row 158: (158, 1.85699)  (195, -0.412011)  (383, -0.990972)  (421, -0.454008) 
row 159: (159, 2.227)  (341, -0.454008)  (384, -1.25232)  (432, -0.520672) 
row 160: (136, -0.454008)  (160, 1.85699)  (162, -0.412011)  (385, -0.990972) 
row 161: (161, 2.227)  (340, -0.454008)  (384, -0.520672)  (386, -1.25232) 
row 162: (160, -0.412011)  (162, 1.40298)  (387, -0.990972) 
row 163: (148, -0.454008)  (163, 1.89899)  (387, -0.454008)  (388, -0.990972) 
row 164: (164, 3.01433)  (386, -0.587335)  (389, -1.25232) 
row 165: (165, 1.40298)  (390, -0.990972)  (430, -0.412011) 
row 166: (166, 1.89899)  (167, -0.454008)  (345, -0.454008)  (391, -0.990972) 
row 167: (166, -0.454008)  (167, 1.89899)  (392, -0.990972)  (445, -0.454008) 
row 168: (131, -0.454008)  (168, 1.89899)  (204, -0.454008)  (393, -0.990972) 
row 169: (169, 1.89899)  (190, -0.454008)  (394, -0.990972)  (448, -0.454008) 
row 170: (170, 1.85699)  (210, -0.454008)  (393, -0.412011)  (395, -0.990972) 
row 171: (171, 1.36099)  (223, -0.370013)  (396, -0.990972) 
row 172: (172, 1.89899)  (359, -0.454008)  (396, -0.454008)  (397, -0.990972) 
row 173: (149, -0.454008)  (173, 1.89899)  (175, -0.454008)  (398, -0.990972) 
row 174: (174, 1.36099)  (397, -0.370013)  (399, -0.990972) 
row 175: (173, -0.454008)  (175, 1.89899)  (344, -0.454008)  (400, -0.990972) 
row 176: (176, 1.89899)  (355, -0.454008)  (399, -0.454008)  (401, -0.990972) 
row 177: (177, 1.89899)  (182, -0.454008)  (402, -0.990972)  (447, -0.454008) 
row 178: (178, 2.94767)  (403, -1.25232)  (409, -0.520672) 
row 179: (49, -0.454008)  (81, -0.454008)  (179, 2.)  (404, -1.09198) 
row 180: (180, 2.94767)  (209, -0.520672)  (405, -1.25232) 
row 181: (127, -0.454008)  (181, 1.85699)  (198, -0.412011)  (406, -0.990972) 
row 182: (177, -0.454008)  (182, 2.)  (371, -0.454008)  (407, -1.09198) 
row 183: (183, 2.94767)  (405, -0.520672)  (408, -1.25232) 
row 184: (184, 3.01433)  (203, -0.587335)  (409, -1.25232) 
row 185: (185, 1.85699)  (205, -0.412011)  (360, -0.454008)  (410, -0.990972) 
row 186: (186, 1.40298)  (200, -0.412011)  (411, -0.990972) 
row 187: (187, 2.)  (192, -0.454008)  (370, -0.454008)  (412, -1.09198) 
row 188: (188, 1.89899)  (411, -0.454008)  (412, -0.454008)  (413, -0.990972) 
row 189: (189, 1.89899)  (215, -0.454008)  (370, -0.454008)  (414, -0.990972) 
row 190: (169, -0.454008)  (190, 2.)  (191, -0.454008)  (415, -1.09198) 
row 191: (190, -0.454008)  (191, 1.85699)  (218, -0.412011)  (416, -0.990972) 
row 192: (187, -0.454008)  (192, 1.89899)  (194, -0.454009)  (417, -0.990972) 
row 193: (193, 1.74552)  (394, -0.412011)  (416, -0.412011)  (418, -0.9215) 
row 194: (192, -0.454009)  (194, 1.78752)  (413, -0.412011)  (419, -0.921501) 
row 195: (158, -0.412011)  (195, 1.40298)  (420, -0.990972) 
row 196: (196, 2.)  (361, -0.454008)  (365, -0.454008)  (421, -1.09198) 
row 197: (148, -0.454008)  (197, 2.)  (387, -0.454008)  (422, -1.09198) 
row 198: (181, -0.412011)  (198, 1.40298)  (423, -0.990972) 
row 199: (199, 1.40298)  (423, -0.412011)  (424, -0.990972) 
row 200: (125, -0.454008)  (186, -0.412011)  (200, 1.85699)  (425, -0.990972) 
row 201: (80, -0.454009)  (145, -0.454008)  (201, 2.)  (426, -1.09198) 
row 202: (202, 1.36099)  (406, -0.370013)  (427, -0.990972) 
row 203: (184, -0.587335)  (203, 3.01433)  (428, -1.25232) 
row 204: (168, -0.454008)  (204, 1.89899)  (221, -0.454008)  (429, -0.990972) 
row 205: (185, -0.412011)  (205, 1.40298)  (430, -0.990972) 
row 206: (206, 2.)  (207, -0.454008)  (341, -0.454008)  (431, -1.09198) 
row 207: (206, -0.454008)  (207, 2.227)  (382, -0.520672)  (432, -1.25232) 
row 208: (121, -0.454008)  (208, 2.)  (380, -0.454008)  (433, -1.09198) 
row 209: (121, -0.454008)  (180, -0.520672)  (209, 2.227)  (434, -1.25232) 
row 210: (131, -0.454008)  (170, -0.454008)  (210, 2.)  (435, -1.09198) 
row 211: (211, 1.85699)  (372, -0.454008)  (395, -0.412011)  (436, -0.990972) 
row 212: (212, 1.85699)  (371, -0.454008)  (402, -0.412011)  (437, -0.990972) 
row 213: (213, 1.85699)  (375, -0.454008)  (388, -0.412011)  (438, -0.990972) 
row 214: (115, -0.454008)  (214, 2.)  (389, -0.454008)  (439, -1.09198) 
row 215: (189, -0.454008)  (215, 1.89899)  (368, -0.454008)  (440, -0.990972) 
row 216: (216, 1.36099)  (410, -0.370013)  (441, -0.990972) 
row 217: (139, -0.454008)  (217, 1.89899)  (442, -0.990972)  (443, -0.454008) 
row 218: (191, -0.412011)  (218, 1.40298)  (443, -0.990972) 
row 219: (117, -0.454008)  (118, -0.454008)  (219, 2.)  (444, -1.09198) 
row 220: (120, -0.454008)  (220, 2.)  (302, -0.454008)  (445, -1.09198) 
row 221: (204, -0.454008)  (221, 2.)  (356, -0.454008)  (446, -1.09198) 
row 222: (222, 2.)  (447, -1.09198) 
row 223: (171, -0.370013)  (223, 1.36099)  (448, -0.990972) 
row 224: (224, 2.84666)  (428, -0.520672)  (449, -1.15131) 
row 225: (0, -1.09198)  (11, -0.454008)  (19, -0.454008)  (225, 2.) 
row 226: (1, -1.09199)  (4, -0.45401)  (30, -0.454009)  (226, 2.) 
row 227: (1, -0.454009)  (2, -1.09198)  (12, -0.454007)  (227, 2.) 
row 228: (3, -1.09198)  (30, -0.454007)  (228, 2.)  (231, -0.454008) 
row 229: (3, -0.454008)  (4, -1.09198)  (229, 2.)  (240, -0.454009) 
row 230: (5, -1.09198)  (230, 2.)  (243, -0.454008)  (269, -0.454008) 
row 231: (6, -1.09198)  (18, -0.454008)  (228, -0.454008)  (231, 2.) 
row 232: (7, -1.09198)  (232, 2.)  (238, -0.454008)  (251, -0.454008) 
row 233: (2, -0.454009)  (8, -1.09198)  (233, 2.)  (260, -0.454009) 
row 234: (8, -0.454008)  (9, -1.09198)  (234, 2.)  (266, -0.454008) 
row 235: (6, -0.454009)  (10, -1.09198)  (235, 2.)  (255, -0.454009) 
row 236: (11, -1.09198)  (27, -0.454008)  (236, 2.)  (253, -0.454008) 
row 237: (12, -1.09198)  (35, -0.454008)  (237, 2.)  (249, -0.454008) 
row 238: (6, -0.454008)  (13, -1.09198)  (232, -0.454008)  (238, 2.) 
row 239: (14, -1.09198)  (20, -0.454008)  (22, -0.454008)  (239, 2.) 
row 240: (15, -1.09198)  (229, -0.454009)  (240, 2.)  (245, -0.45401) 
row 241: (1, -0.454008)  (12, -0.454008)  (16, -1.09198)  (241, 2.) 
row 242: (0, -0.454008)  (17, -1.09198)  (242, 2.)  (255, -0.454008) 
row 243: (18, -1.09198)  (230, -0.454008)  (243, 2.)  (270, -0.454008) 
row 244: (19, -1.09198)  (244, 2.)  (253, -0.454008)  (254, -0.454008) 
row 245: (20, -1.09198)  (38, -0.454007)  (240, -0.45401)  (245, 2.) 
row 246: (20, -0.454009)  (21, -1.09198)  (39, -0.45401)  (246, 2.) 
row 247: (22, -1.09198)  (23, -0.454008)  (247, 2.)  (276, -0.454008) 
row 248: (16, -0.454008)  (23, -1.09198)  (248, 2.)  (249, -0.454008) 
row 249: (24, -1.09198)  (237, -0.454008)  (248, -0.454008)  (249, 2.) 
row 250: (24, -0.454008)  (25, -1.09198)  (250, 2.)  (286, -0.454008) 
row 251: (26, -1.09198)  (27, -0.454008)  (232, -0.454008)  (251, 2.) 
row 252: (27, -1.09198)  (31, -0.454008)  (252, 2.)  (313, -0.454008) 
row 253: (28, -1.09198)  (236, -0.454008)  (244, -0.454008)  (253, 2.) 
row 254: (29, -1.09198)  (244, -0.454008)  (254, 2.)  (266, -0.454008) 
row 255: (30, -1.09198)  (235, -0.454009)  (242, -0.454008)  (255, 2.) 
row 256: (31, -1.09198)  (256, 2.)  (283, -0.454008)  (315, -0.454008) 
row 257: (32, -1.09198)  (36, -0.454008)  (53, -0.454008)  (257, 2.) 
row 258: (18, -0.454009)  (33, -1.09198)  (258, 2.)  (271, -0.454007) 
row 259: (33, -0.454009)  (34, -1.09198)  (47, -0.454009)  (259, 2.) 
row 260: (35, -1.09198)  (36, -0.454008)  (233, -0.454009)  (260, 2.) 
row 261: (36, -1.09198)  (50, -0.454008)  (82, -0.454008)  (261, 2.) 
row 262: (15, -0.454008)  (37, -1.09198)  (262, 2.)  (269, -0.454008) 
row 263: (38, -1.09198)  (42, -0.454008)  (263, 2.)  (264, -0.454008) 
row 264: (39, -1.09198)  (263, -0.454008)  (264, 2.)  (290, -0.454009) 
row 265: (28, -0.454008)  (29, -0.454008)  (40, -1.09198)  (265, 2.) 
row 266: (41, -1.09198)  (234, -0.454008)  (254, -0.454008)  (266, 2.) 
row 267: (42, -1.09198)  (43, -0.454008)  (267, 2.)  (379, -0.454008) 
row 268: (37, -0.454008)  (43, -1.09198)  (268, 2.)  (295, -0.454008) 
row 269: (44, -1.09198)  (230, -0.454008)  (262, -0.454008)  (269, 2.) 
row 270: (44, -0.454008)  (45, -1.09198)  (243, -0.454008)  (270, 2.) 
row 271: (45, -0.454008)  (46, -1.09198)  (258, -0.454007)  (271, 2.) 
row 272: (46, -0.454008)  (47, -1.09198)  (272, 2.)  (273, -0.454008) 
row 273: (48, -1.09198)  (272, -0.454008)  (273, 2.)  (323, -0.454009) 
row 274: (49, -1.09198)  (82, -0.454009)  (274, 2.)  (326, -0.454009) 
row 275: (50, -1.09198)  (81, -0.454008)  (275, 2.)  (278, -0.454008) 
row 276: (51, -1.09198)  (74, -0.454008)  (247, -0.454008)  (276, 2.) 
row 277: (51, -0.454008)  (52, -1.09198)  (277, 2.)  (301, -0.454008) 
row 278: (53, -1.09198)  (105, -0.454008)  (275, -0.454008)  (278, 2.) 
row 279: (41, -0.454008)  (54, -1.09198)  (55, -0.454008)  (279, 2.) 
row 280: (55, -1.09198)  (84, -0.454008)  (280, 2.)  (284, -0.454008) 
row 281: (56, -1.09198)  (107, -0.454008)  (281, 2.)  (282, -0.454008) 
row 282: (57, -1.09198)  (108, -0.454008)  (281, -0.454008)  (282, 2.) 
row 283: (40, -0.454008)  (58, -1.09198)  (256, -0.454008)  (283, 2.) 
row 284: (40, -0.454008)  (59, -1.09198)  (280, -0.454008)  (284, 2.) 
row 285: (58, -0.454008)  (59, -0.454008)  (60, -1.09198)  (285, 2.) 
row 286: (61, -1.09198)  (250, -0.454008)  (286, 2.)  (337, -0.454008) 
row 287: (62, -1.09198)  (101, -0.454008)  (287, 2.)  (304, -0.454008) 
row 288: (34, -0.454008)  (63, -1.09198)  (64, -0.454008)  (288, 2.) 
row 289: (64, -1.09198)  (85, -0.454008)  (98, -0.454008)  (289, 2.) 
row 290: (65, -1.09198)  (264, -0.454009)  (290, 2.)  (338, -0.45401) 
row 291: (66, -1.09198)  (72, -0.454008)  (113, -0.454008)  (291, 2.) 
row 292: (67, -1.09198)  (70, -0.454008)  (292, 2.)  (342, -0.454008) 
row 293: (67, -0.454008)  (68, -1.09198)  (110, -0.454008)  (293, 2.) 
row 294: (34, -0.454008)  (57, -0.454008)  (69, -1.09198)  (294, 2.) 
row 295: (44, -0.454008)  (70, -1.09198)  (268, -0.454008)  (295, 2.) 
row 296: (71, -1.09198)  (113, -0.454009)  (296, 2.)  (365, -0.45401) 
row 297: (72, -1.09198)  (297, 2.)  (298, -0.454008)  (422, -0.454008) 
row 298: (73, -1.09198)  (297, -0.454008)  (298, 2.)  (373, -0.454008) 
row 299: (66, -0.454008)  (73, -0.454008)  (74, -1.09198)  (299, 2.) 
row 300: (51, -0.454008)  (73, -0.454008)  (75, -1.09198)  (300, 2.) 
row 301: (76, -1.09198)  (77, -0.454008)  (277, -0.454008)  (301, 2.) 
row 302: (77, -1.09198)  (220, -0.454008)  (302, 2.)  (303, -0.454008) 
row 303: (78, -1.09198)  (302, -0.454008)  (303, 2.)  (374, -0.454008) 
row 304: (79, -1.09198)  (287, -0.454008)  (304, 2.)  (305, -0.454008) 
row 305: (80, -1.09198)  (143, -0.454008)  (304, -0.454008)  (305, 2.) 
row 306: (81, -1.09198)  (306, 2.)  (330, -0.454008)  (352, -0.454008) 
row 307: (25, -0.454009)  (62, -0.454007)  (82, -1.09198)  (307, 2.) 
row 308: (83, -1.09198)  (105, -0.454008)  (308, 2.)  (354, -0.454008) 
row 309: (84, -1.09198)  (130, -0.454008)  (309, 2.)  (331, -0.454008) 
row 310: (85, -1.09198)  (310, 2.)  (334, -0.454008)  (435, -0.454008) 
row 311: (43, -0.454008)  (86, -1.09198)  (87, -0.454008)  (311, 2.) 
row 312: (87, -1.09198)  (312, 2.)  (342, -0.454008)  (431, -0.454008) 
row 313: (56, -0.454008)  (88, -1.09198)  (252, -0.454008)  (313, 2.) 
row 314: (89, -1.09198)  (91, -0.454008)  (314, 2.)  (376, -0.454008) 
row 315: (90, -1.09198)  (256, -0.454008)  (315, 2.)  (318, -0.454008) 
row 316: (91, -1.09198)  (94, -0.454008)  (135, -0.454008)  (316, 2.) 
row 317: (92, -1.09198)  (106, -0.454008)  (134, -0.454008)  (317, 2.) 
row 318: (58, -0.454008)  (93, -1.09198)  (315, -0.454008)  (318, 2.) 
row 319: (94, -1.09198)  (97, -0.454008)  (319, 2.)  (362, -0.454008) 
row 320: (92, -0.454008)  (95, -1.09198)  (320, 2.)  (363, -0.454008) 
row 321: (60, -0.454008)  (93, -0.454008)  (96, -1.09198)  (321, 2.) 
row 322: (97, -1.09198)  (322, 2.)  (364, -0.454008)  (378, -0.454008) 
row 323: (98, -1.09198)  (99, -0.454008)  (273, -0.454009)  (323, 2.) 
row 324: (99, -1.09198)  (324, 2.)  (346, -0.454008)  (347, -0.454008) 
row 325: (98, -0.454009)  (100, -1.09198)  (122, -0.454009)  (325, 2.) 
row 326: (101, -1.09198)  (102, -0.454008)  (274, -0.454009)  (326, 2.) 
row 327: (102, -1.09198)  (327, 2.)  (350, -0.454008)  (426, -0.454008) 
row 328: (65, -0.454008)  (103, -1.09198)  (104, -0.454008)  (328, 2.) 
row 329: (104, -1.09198)  (140, -0.454008)  (329, 2.)  (339, -0.454008) 
row 330: (105, -1.09198)  (128, -0.454008)  (306, -0.454008)  (330, 2.) 
row 331: (106, -1.09198)  (132, -0.454008)  (309, -0.454008)  (331, 2.) 
row 332: (107, -1.09198)  (108, -0.454008)  (332, 2.)  (358, -0.454008) 
row 333: (108, -1.09198)  (109, -0.454008)  (333, 2.)  (446, -0.454008) 
row 334: (63, -0.454008)  (109, -1.09198)  (310, -0.454008)  (334, 2.) 
row 335: (110, -1.09198)  (117, -0.454008)  (335, 2.)  (343, -0.454008) 
row 336: (48, -0.454008)  (110, -0.454008)  (111, -1.09198)  (336, 2.) 
row 337: (77, -0.454008)  (112, -1.09198)  (286, -0.454008)  (337, 2.) 
row 338: (104, -0.454007)  (113, -1.09198)  (290, -0.45401)  (338, 2.) 
row 339: (114, -1.09198)  (329, -0.454008)  (339, 2.)  (439, -0.454008) 
row 340: (115, -1.09198)  (116, -0.454008)  (161, -0.454008)  (340, 2.) 
row 341: (116, -1.09198)  (159, -0.454008)  (206, -0.454008)  (341, 2.) 
row 342: (117, -1.09198)  (292, -0.454008)  (312, -0.454008)  (342, 2.) 
row 343: (118, -1.09198)  (335, -0.454008)  (343, 2.)  (433, -0.454008) 
row 344: (119, -1.09198)  (143, -0.454008)  (175, -0.454008)  (344, 2.) 
row 345: (120, -1.09198)  (166, -0.454008)  (345, 2.)  (375, -0.454008) 
row 346: (121, -1.09198)  (123, -0.454008)  (324, -0.454008)  (346, 2.) 
row 347: (122, -1.09198)  (324, -0.454008)  (347, 2.)  (348, -0.454008) 
row 348: (123, -1.09198)  (347, -0.454008)  (348, 2.)  (407, -0.454009) 
row 349: (124, -1.09198)  (349, 2.)  (412, -0.454009)  (426, -0.454009) 
row 350: (124, -0.454008)  (125, -1.09198)  (327, -0.454008)  (350, 2.) 
row 351: (126, -1.09198)  (351, 2.)  (352, -0.454008)  (404, -0.454008) 
row 352: (127, -1.09198)  (306, -0.454008)  (351, -0.454008)  (352, 2.) 
row 353: (127, -0.454008)  (128, -1.09198)  (353, 2.)  (423, -0.454008) 
row 354: (129, -1.09198)  (130, -0.454008)  (308, -0.454008)  (354, 2.) 
row 355: (130, -1.09198)  (132, -0.454008)  (176, -0.454008)  (355, 2.) 
row 356: (109, -0.454008)  (131, -1.09198)  (221, -0.454008)  (356, 2.) 
row 357: (132, -1.09198)  (357, 2.)  (359, -0.454008)  (399, -0.454008) 
row 358: (133, -1.09198)  (332, -0.454008)  (358, 2.)  (376, -0.454008) 
row 359: (134, -1.09198)  (172, -0.454008)  (357, -0.454008)  (359, 2.) 
row 360: (135, -1.09198)  (137, -0.454008)  (185, -0.454008)  (360, 2.) 
row 361: (71, -0.454008)  (136, -1.09198)  (196, -0.454008)  (361, 2.) 
row 362: (137, -1.09198)  (139, -0.454008)  (319, -0.454008)  (362, 2.) 
row 363: (138, -1.09198)  (152, -0.454008)  (320, -0.454008)  (363, 2.) 
row 364: (139, -1.09198)  (144, -0.454008)  (322, -0.454008)  (364, 2.) 
row 365: (140, -1.09198)  (196, -0.454008)  (296, -0.45401)  (365, 2.) 
row 366: (140, -0.454009)  (141, -1.09198)  (366, 2.)  (367, -0.454009) 
row 367: (142, -1.09198)  (366, -0.454009)  (367, 2.)  (428, -0.454008) 
row 368: (143, -1.09198)  (145, -0.454008)  (215, -0.454008)  (368, 2.) 
row 369: (144, -1.09198)  (369, 2.)  (415, -0.454008)  (443, -0.454008) 
row 370: (145, -1.09198)  (187, -0.454008)  (189, -0.454008)  (370, 2.) 
row 371: (146, -1.09198)  (182, -0.454008)  (212, -0.454008)  (371, 2.) 
row 372: (146, -0.454008)  (147, -1.09198)  (211, -0.454008)  (372, 2.) 
row 373: (148, -1.09198)  (150, -0.454008)  (298, -0.454008)  (373, 2.) 
row 374: (119, -0.454008)  (149, -1.09198)  (303, -0.454008)  (374, 2.) 
row 375: (150, -1.09198)  (213, -0.454008)  (345, -0.454008)  (375, 2.) 
row 376: (151, -1.09198)  (314, -0.454008)  (358, -0.454008)  (376, 2.) 
row 377: (152, -1.09198)  (153, -0.454008)  (377, 2.)  (415, -0.454008) 
row 378: (95, -0.454008)  (153, -1.09198)  (322, -0.454008)  (378, 2.) 
row 379: (103, -0.454008)  (154, -1.09198)  (267, -0.454008)  (379, 2.) 
row 380: (155, -1.25232)  (208, -0.454008)  (380, 2.227)  (434, -0.520672) 
row 381: (118, -0.454008)  (155, -0.520672)  (156, -1.25232)  (381, 2.227) 
row 382: (157, -1.25232)  (207, -0.520672)  (382, 2.94767) 
row 383: (158, -0.990972)  (383, 1.36099)  (385, -0.370013) 
row 384: (159, -1.25232)  (161, -0.520672)  (384, 2.94767) 
row 385: (160, -0.990972)  (383, -0.370013)  (385, 1.36099) 
row 386: (161, -1.25232)  (164, -0.587335)  (386, 3.01433) 
row 387: (162, -0.990972)  (163, -0.454008)  (197, -0.454008)  (387, 1.89899) 
row 388: (163, -0.990972)  (213, -0.412011)  (388, 1.40298) 
row 389: (164, -1.25232)  (214, -0.454008)  (389, 2.16034)  (403, -0.454008) 
row 390: (133, -0.454008)  (165, -0.990972)  (390, 1.85699)  (429, -0.412011) 
row 391: (166, -0.990972)  (391, 1.36099)  (438, -0.370013) 
row 392: (167, -0.990972)  (392, 1.36099)  (398, -0.370013) 
row 393: (168, -0.990972)  (170, -0.412011)  (393, 1.40298) 
row 394: (169, -0.990972)  (193, -0.412011)  (394, 1.40298) 
row 395: (170, -0.990972)  (211, -0.412011)  (395, 1.40298) 
row 396: (138, -0.454008)  (171, -0.990972)  (172, -0.454008)  (396, 1.89899) 
row 397: (172, -0.990972)  (174, -0.370013)  (397, 1.36099) 
row 398: (173, -0.990972)  (392, -0.370013)  (398, 1.36099) 
row 399: (174, -0.990972)  (176, -0.454008)  (357, -0.454008)  (399, 1.89899) 
row 400: (175, -0.990972)  (400, 1.36099)  (440, -0.370013) 
row 401: (176, -0.990972)  (401, 1.40298)  (424, -0.412011) 
row 402: (177, -0.990972)  (212, -0.412011)  (402, 1.40298) 
row 403: (114, -0.454008)  (178, -1.25232)  (389, -0.454008)  (403, 2.16034) 
row 404: (102, -0.454008)  (179, -1.09198)  (351, -0.454008)  (404, 2.) 
row 405: (123, -0.454008)  (180, -1.25232)  (183, -0.520672)  (405, 2.227) 
row 406: (181, -0.990972)  (202, -0.370013)  (406, 1.36099) 
row 407: (182, -1.09198)  (348, -0.454009)  (407, 2.)  (408, -0.454008) 
row 408: (183, -1.25232)  (407, -0.454008)  (408, 2.16034)  (447, -0.454009) 
row 409: (141, -0.454008)  (178, -0.520672)  (184, -1.25232)  (409, 2.227) 
row 410: (185, -0.990972)  (216, -0.370013)  (410, 1.36099) 
row 411: (124, -0.454008)  (186, -0.990972)  (188, -0.454008)  (411, 1.89899) 
row 412: (187, -1.09198)  (188, -0.454008)  (349, -0.454009)  (412, 2.) 
row 413: (188, -0.990972)  (194, -0.412011)  (413, 1.40298) 
row 414: (189, -0.990972)  (414, 1.36099)  (417, -0.370013) 
row 415: (190, -1.09198)  (369, -0.454008)  (377, -0.454008)  (415, 2.) 
row 416: (191, -0.990972)  (193, -0.412011)  (416, 1.40298) 
row 417: (192, -0.990972)  (414, -0.370013)  (417, 1.36099) 
row 418: (193, -0.9215)  (418, 0.9215) 
row 419: (194, -0.921501)  (419, 0.921501) 
row 420: (142, -0.454009)  (195, -0.990972)  (420, 1.85699)  (449, -0.412012) 
row 421: (142, -0.454008)  (158, -0.454008)  (196, -1.09198)  (421, 2.) 
row 422: (136, -0.454008)  (197, -1.09198)  (297, -0.454008)  (422, 2.) 
row 423: (198, -0.990972)  (199, -0.412011)  (353, -0.454008)  (423, 1.85699) 
row 424: (129, -0.454008)  (199, -0.990972)  (401, -0.412011)  (424, 1.85699) 
row 425: (200, -0.990972)  (425, 1.40298)  (427, -0.412011) 
row 426: (201, -1.09198)  (327, -0.454008)  (349, -0.454009)  (426, 2.) 
row 427: (126, -0.454008)  (202, -0.990972)  (425, -0.412011)  (427, 1.85699) 
row 428: (203, -1.25232)  (224, -0.520672)  (367, -0.454008)  (428, 2.227) 
row 429: (204, -0.990972)  (390, -0.412011)  (429, 1.40298) 
row 430: (151, -0.454008)  (165, -0.412011)  (205, -0.990972)  (430, 1.85699) 
row 431: (206, -1.09198)  (312, -0.454008)  (431, 2.)  (444, -0.454008) 
row 432: (159, -0.520672)  (207, -1.25232)  (432, 2.94767) 
row 433: (111, -0.454008)  (208, -1.09198)  (343, -0.454008)  (433, 2.) 
row 434: (209, -1.25232)  (380, -0.520672)  (434, 2.94767) 
row 435: (147, -0.454008)  (210, -1.09198)  (310, -0.454008)  (435, 2.) 
row 436: (211, -0.990972)  (436, 1.36099)  (437, -0.370013) 
row 437: (212, -0.990972)  (436, -0.370013)  (437, 1.36099) 
row 438: (213, -0.990972)  (391, -0.370013)  (438, 1.36099) 
row 439: (103, -0.454008)  (214, -1.09198)  (339, -0.454008)  (439, 2.) 
row 440: (215, -0.990972)  (400, -0.370013)  (440, 1.36099) 
row 441: (137, -0.454008)  (216, -0.990972)  (441, 1.85699)  (442, -0.412011) 
row 442: (217, -0.990972)  (441, -0.412011)  (442, 1.40298) 
row 443: (217, -0.454008)  (218, -0.990972)  (369, -0.454008)  (443, 1.89899) 
row 444: (157, -0.454008)  (219, -1.09198)  (431, -0.454008)  (444, 2.) 
row 445: (149, -0.454008)  (167, -0.454008)  (220, -1.09198)  (445, 2.) 
row 446: (133, -0.454008)  (221, -1.09198)  (333, -0.454008)  (446, 2.) 
row 447: (177, -0.454008)  (222, -1.09198)  (408, -0.454009)  (447, 2.) 
row 448: (152, -0.454008)  (169, -0.454008)  (223, -0.990972)  (448, 1.89899) 
row 449: (224, -1.15131)  (420, -0.412012)  (449, 1.56332) 
