Vec Object: 1 MPI process
  type: mpi
Process [0]
-1.18376e-68
-1.04991e-24
1.11786e-14
0.
0.
0.
0.
0.
-1.99907e-07
1.35106e-23
0.
2.95704e-83
1.38567e-30
0.
0.
0.
0.
1.8527e-31
0.
2.21788e-52
0.
0.
0.
0.
-3.37435e-23
-4.24337e-13
0.
-5.42784e-41
-1.47714e-23
-1.23467e-06
0.
-1.01695e-24
-2.43901e-07
0.
0.
9.6992e-15
-4.68162e-07
0.
0.
0.
-3.47324e-07
-2.86015e-06
0.
0.
0.
0.
0.
0.
0.
-6.41953e-05
-2.16893e-05
3.17526e-48
0.
-1.48996e-05
-1.54869e-05
-9.66329e-07
-1.40905e-25
0.
-7.70485e-20
1.35197e-05
2.13949e-07
2.06197e-07
3.43469e-07
0.
0.
0.
0.
0.
0.
0.
0.
0.
0.
3.58642e-19
0.
3.7216e-18
5.79114e-18
8.09825e-17
3.78954e-07
6.56799e-07
9.05889e-06
-9.83523e-05
-8.2963e-06
-3.24679e-05
1.92234e-05
0.
0.
0.
-3.32385e-24
-1.40905e-25
-4.13694e-24
-1.99261e-23
3.32924e-07
-7.71958e-20
-5.1747e-08
3.23109e-06
2.18986e-06
1.47664e-06
0.
0.
0.
-8.70157e-06
-3.56081e-05
0.
0.
-8.5171e-05
1.52246e-05
1.40905e-25
0.
0.
0.
0.
0.
0.
0.
0.
0.
0.
0.
5.59367e-08
3.15614e-16
0.
0.
0.
0.000473068
-0.000539083
-0.00104044
-0.00103092
-0.000288678
-0.000497517
0.00010564
0.
5.23077e-05
0.
1.86588e-05
-1.95263e-22
0.
-2.11337e-07
-4.66555e-06
1.79179e-06
0.
0.
0.
1.51491e-07
2.32286e-05
2.88921e-05
0.
0.
0.
-1.43594e-09
3.58642e-19
-8.37673e-23
9.93941e-05
3.43547e-05
0.
0.
0.
0.
0.
0.
0.
0.
0.
0.
0.
0.
5.7519e-16
6.65761e-16
0.
0.000761892
0.
-1.88161e-05
-5.91621e-06
-5.86844e-08
-0.000192674
-6.66833e-08
0.00059508
0.
0.
-8.32064e-05
0.
5.63082e-06
0.
0.
0.
-1.07643e-22
-0.00145343
0.000145073
0.000714796
4.38107e-06
0.000423947
-1.34848e-05
-9.09825e-05
0.00120096
0.00118878
0.
0.
0.
0.000611306
0.000252468
0.00055088
1.93774e-05
0.00182763
0.
0.
-8.55607e-23
0.
0.
0.
0.
0.
0.
0.
0.
0.
1.08731e-06
-3.19866e-07
6.48519e-06
1.9884e-05
0.
3.61408e-16
0.
0.
-0.000203963
0.
1.13732e-52
0.
-6.10044e-24
0.
0.
0.
0.
0.
-5.19222e-08
-1.16311e-23
0.
-4.43571e-41
-4.72536e-23
0.
0.
0.
0.
7.86762e-32
0.
-9.18921e-23
0.
0.
0.
0.
0.
-1.96064e-22
0.
-5.2149e-25
-1.06542e-25
-2.52248e-07
0.
5.2149e-25
-8.33427e-06
0.
0.
-3.37565e-07
-1.28302e-05
0.
0.
0.
-7.09596e-08
-6.10951e-07
0.
0.
0.
0.
0.
0.
0.
-1.90242e-05
-6.46653e-05
0.
-1.00552e-47
-5.15297e-05
-4.76736e-06
6.37162e-06
0.
0.
-1.57133e-20
2.0005e-06
1.40416e-07
5.86333e-08
-6.68398e-06
0.
0.
0.
0.
0.
0.
0.
0.
0.
0.
0.
0.
2.08386e-18
5.16938e-17
1.18633e-08
6.89308e-08
1.91776e-06
1.78682e-06
-0.000250508
-1.79858e-06
-9.05146e-05
3.70591e-05
0.
0.
0.
-8.18719e-25
-1.30755e-23
-7.96036e-10
-2.65357e-08
9.94047e-06
-4.6253e-09
7.47554e-07
8.93034e-06
1.59144e-07
2.87923e-06
0.
0.
0.
-2.52702e-05
-0.000148368
0.
0.
-0.000197065
3.94834e-05
0.
0.
0.
0.
0.
0.
0.
0.
0.
0.
0.
0.
5.43668e-07
6.35363e-17
0.
0.
0.
0.000134838
-0.000177825
-0.000364943
-0.00037589
-0.000552257
-0.000185068
0.000509045
0.
7.61416e-05
0.
7.45464e-07
-1.37006e-07
0.
1.12122e-06
3.91759e-06
1.71747e-05
0.
0.
0.
1.60791e-05
7.37534e-05
0.00012273
0.
0.
-3.58642e-19
-5.39388e-08
-7.46177e-18
2.1797e-38
4.83657e-05
1.12838e-05
0.
0.
0.
0.
0.
0.
0.
0.
0.
0.
0.
0.
9.11969e-17
-1.43593e-09
0.
-0.00143371
0.
5.05905e-06
-2.41158e-05
-8.34339e-09
-5.58546e-06
-6.08317e-07
-0.00126997
0.
0.
-0.000256114
0.
0.00185003
0.
0.
0.
-2.44066e-07
0.00070345
0.000590478
-0.00161874
-9.47498e-06
0.000131148
-0.000151167
-2.66965e-06
-0.00107246
-0.0010897
0.
0.
0.
0.000587124
0.000576825
0.000390052
0.000108815
1.03948e-05
0.
0.
-4.45272e-39
0.
0.
0.
0.
0.
0.
0.
1.56954e-17
0.
-6.76359e-07
-1.33954e-06
1.35681e-06
1.03306e-05
0.
-5.62015e-10
0.
0.
5.53973e-06
0.
