Vec Object: 1 MPI process
  type: mpi
Process [0]
-4.57676e-05
-5.42591e-05
-0.000127658
-7.54228e-06
-1.65974e-05
-2.35098e-06
-9.31977e-06
-1.36636e-05
-0.000243287
-0.000138822
-2.2332e-05
-2.25608e-05
-0.000109737
-2.10537e-06
-1.95473e-05
-2.6796e-06
-4.72799e-05
-9.50542e-05
-2.34456e-06
-8.65365e-05
-4.57242e-06
-4.90847e-06
-1.19986e-05
-4.21948e-05
-0.000118032
-0.00023547
3.44333e-06
1.9586e-06
-2.22587e-05
-0.000108413
-2.78594e-05
1.5986e-05
-0.000352909
-6.83805e-07
2.72255e-07
-0.000239577
-0.00044742
-5.81859e-07
-8.14631e-07
-8.46525e-07
2.23505e-06
-0.000274208
-1.00638e-07
-5.42664e-08
-4.98571e-07
-3.59951e-07
-1.74569e-07
-9.83318e-09
-1.63127e-08
-0.000721563
-0.00073154
-1.25329e-05
-4.07578e-05
-0.000571687
-0.000394679
-0.00013647
1.15232e-05
3.2613e-06
7.02944e-05
9.09487e-05
0.00012483
-0.000137681
-0.000220046
7.94259e-07
1.08774e-07
-7.5473e-08
-5.89219e-07
-5.9116e-08
-3.58011e-08
9.69803e-07
-5.80856e-08
-2.7384e-08
-1.1078e-07
-1.57647e-06
-3.85703e-06
-4.78587e-06
-1.15545e-05
-3.7172e-05
-6.1883e-05
-4.6924e-05
-9.53829e-06
-0.000941985
-0.000449352
-0.000375591
-2.40642e-05
1.88862e-07
-3.91354e-09
-8.4123e-09
3.20421e-05
3.5684e-05
5.42583e-05
7.07162e-05
0.000150007
0.000113358
0.00013
0.00018702
0.000168753
0.000194992
5.64474e-09
-1.88307e-09
2.46821e-08
-0.000267252
-0.000440699
-5.9678e-09
-1.37468e-08
-0.000745036
0.000184352
1.90844e-05
7.99283e-06
2.12846e-06
-9.06855e-09
-1.82294e-09
-7.84509e-05
-6.78138e-08
-3.36981e-10
-1.22408e-09
-1.94174e-10
-8.63313e-09
-8.24867e-10
1.75796e-05
-7.62747e-08
-1.68589e-10
1.72012e-09
-1.31031e-10
0.000593974
-4.1943e-07
-0.000102054
2.30047e-05
-0.00034716
-0.000260922
0.000312197
1.78975e-06
0.000332802
1.97425e-05
0.000115062
8.87007e-05
3.6236e-08
0.000144675
5.90223e-05
0.0002149
-1.50724e-09
7.79052e-11
2.30248e-10
9.70547e-05
0.00030458
0.000291565
1.13129e-09
5.4471e-08
3.60219e-07
1.45818e-05
3.81119e-07
5.6528e-05
0.000145503
0.000279237
-4.89393e-09
-1.23513e-11
-5.80722e-11
-2.33418e-10
5.77987e-09
-3.01808e-11
7.54921e-08
-2.23682e-11
2.60112e-07
1.00264e-06
-1.29307e-12
3.19815e-05
9.85761e-06
1.70693e-05
3.11784e-06
-0.000427833
5.62884e-07
-0.000192918
-5.56746e-05
3.90649e-05
-0.000157777
6.36497e-05
0.000187789
-2.58526e-10
4.17935e-12
-0.000874761
-4.73662e-12
0.00354527
-2.23746e-10
-1.2092e-11
7.99548e-12
9.41725e-05
-0.000515231
0.000459231
-0.000228166
0.000164781
0.000253638
-0.000194009
-0.000155964
-0.00088355
-0.000702815
2.89633e-10
1.22235e-09
1.79199e-07
0.00313402
0.00154916
0.00132378
0.000201666
0.00510435
1.13571e-11
8.08034e-06
6.77108e-05
-9.22652e-10
-3.983e-11
-3.0032e-10
-7.79057e-12
3.04809e-07
3.50888e-08
-2.01584e-10
3.48439e-06
-2.32771e-10
0.000137503
0.000133277
0.000186828
7.49767e-05
-1.12592e-09
-6.54103e-07
6.32794e-06
-6.1422e-12
-0.000400748
3.54257e-11
-4.62943e-05
-3.34214e-05
-0.000101009
-9.35396e-06
-8.3761e-06
-1.5092e-06
-6.52453e-06
-6.36047e-06
-0.000224356
-0.000178757
-2.13877e-05
-1.79263e-05
-0.00013503
-3.97495e-06
-1.1659e-05
-3.87407e-06
-5.76281e-05
-6.79362e-05
-1.28322e-06
-8.28422e-05
-2.5302e-06
-2.3978e-06
-1.56543e-05
-5.38268e-05
-0.000106371
-0.000185659
1.1124e-06
1.05779e-05
-3.52138e-05
-0.000128492
-3.32407e-05
3.28878e-05
-0.000431591
-7.17351e-07
-7.40463e-08
-0.000283785
-0.000521607
-6.90197e-07
-3.17082e-07
-3.08535e-07
-2.93435e-05
-0.000221185
-2.11112e-08
-8.85127e-08
-6.63193e-07
-5.13549e-07
-2.91352e-07
-3.24481e-08
-1.38475e-08
-0.00059499
-0.000802241
-9.77469e-06
-2.75799e-05
-0.000689897
-0.000314502
-7.07684e-05
1.07769e-05
5.23707e-06
4.70662e-05
3.41212e-05
0.000104477
-0.00013514
-0.000200556
4.01257e-07
2.96464e-08
-1.21449e-07
-1.74139e-07
-3.66744e-08
-3.09909e-08
9.76179e-07
-8.76401e-08
-6.60938e-09
-1.20466e-07
-4.13334e-07
-1.83058e-06
-4.11995e-06
-1.97125e-05
-2.61616e-05
-3.73824e-05
-6.91088e-05
1.51069e-06
-0.000938055
-0.00035117
-0.000481515
0.000123712
3.23318e-07
-5.05231e-09
-7.61209e-09
2.12912e-05
4.47917e-05
5.77384e-05
8.76731e-05
0.000153997
9.198e-05
0.000152766
0.000165171
0.000148136
0.000221719
-5.07637e-09
-5.80406e-10
7.42964e-09
-0.000394376
-0.000264664
-7.48633e-09
-1.67008e-09
-0.000799603
0.000222753
1.64865e-05
5.60722e-06
7.95818e-07
-2.57956e-09
-2.7536e-09
-8.11138e-05
-4.90542e-08
-6.51265e-10
-1.10437e-10
-1.30925e-10
-1.42712e-08
-1.02617e-09
4.7445e-05
3.54782e-06
-1.80674e-10
-4.08882e-10
-1.61581e-10
0.000584446
-1.55256e-05
-0.000549083
-0.000517466
6.91994e-05
-0.000274984
0.000538044
1.85496e-06
0.000245368
2.36219e-05
0.000105103
0.000102504
6.04508e-09
0.000162052
0.000105227
0.000246905
-2.11897e-09
1.26904e-10
8.74071e-11
0.000157266
0.000317846
0.000358345
-7.4173e-10
6.68685e-09
1.68386e-07
6.51876e-06
1.70514e-06
4.51081e-05
0.000245187
0.000250729
-7.91506e-09
-1.25905e-11
-3.96411e-11
-2.37916e-11
1.04327e-08
5.77067e-14
2.33199e-08
2.35551e-13
3.41959e-07
1.6116e-06
-3.22288e-12
2.19941e-05
9.4444e-06
2.38264e-05
1.8404e-06
-0.00157921
1.49975e-07
-9.63489e-05
-0.000104735
3.6195e-05
1.66584e-05
7.95935e-05
-0.000494194
-3.87749e-10
4.05032e-12
-0.000832068
-7.90982e-12
0.00532626
-7.90306e-11
-2.51729e-11
1.39186e-11
0.000101357
0.000185419
0.000624228
-0.00152878
8.41819e-05
0.00033365
-0.000500759
-9.59934e-05
-0.00204567
-0.00188889
1.97635e-10
6.06423e-10
6.95955e-08
0.00234906
0.000962074
0.00214635
0.000235304
0.00317901
2.58589e-11
1.14967e-05
5.60034e-05
-1.61887e-09
-1.50655e-11
-5.11605e-10
-5.53381e-12
2.03781e-07
3.35622e-10
1.23282e-10
5.07817e-06
-3.68132e-10
0.000120352
0.000145517
0.000176205
0.000166835
-1.03205e-09
9.49499e-06
8.15998e-06
-1.12496e-11
-0.000272695
7.58966e-11
