Vec Object: 1 MPI process
  type: mpi
Process [0]
1.72518e-25
8.03268e-25
2.67043e-24
8.67761e-24
2.80445e-23
9.02769e-23
2.89708e-22
9.28236e-22
2.97774e-21
9.61277e-21
3.15068e-20
1.064e-19
3.78354e-19
1.4542e-18
7.00968e-18
2.21169e-26
1.13884e-25
4.03779e-25
1.3553e-24
4.42652e-24
1.39592e-23
4.16074e-23
1.11417e-22
2.26771e-22
-6.8931e-25
-3.97124e-21
-3.4292e-20
-2.27642e-19
-1.37792e-18
-8.26675e-18
-8.05496e-26
-3.7236e-25
-1.22914e-24
-3.96853e-24
-1.27513e-23
-4.08189e-23
-1.30168e-22
-4.13123e-22
-1.30134e-21
-4.04175e-21
-1.21912e-20
-3.44536e-20
-8.23123e-20
-9.41498e-20
1.02192e-18
-6.4788e-26
-3.07072e-25
-1.03428e-24
-3.38594e-24
-1.09732e-23
-3.51892e-23
-1.11372e-22
-3.46444e-22
-1.05211e-21
-3.08257e-21
-8.51163e-21
-2.09533e-20
-3.80356e-20
1.30037e-20
1.91056e-19
-3.07728e-26
-1.47675e-25
-5.01961e-25
-1.6543e-24
-5.39098e-24
-1.73644e-23
-5.51223e-23
-1.71668e-22
-5.20714e-22
-1.51929e-21
-4.1624e-21
-1.0123e-20
-1.80758e-20
5.81463e-21
3.62069e-20
-1.20936e-26
-5.85786e-26
-2.004e-25
-6.63468e-25
-2.17073e-24
-7.0179e-24
-2.23544e-23
-6.9837e-23
-2.12442e-22
-6.21599e-22
-1.70911e-21
-4.18742e-21
-7.69387e-21
4.14913e-22
6.70493e-21
-4.30995e-27
-2.10313e-26
-7.23232e-26
-2.4027e-25
-7.88461e-25
-2.55645e-24
-8.16678e-24
-2.55895e-23
-7.80909e-23
-2.29354e-22
-6.33993e-22
-1.56916e-21
-2.9759e-21
-5.90953e-22
1.11148e-21
-1.44596e-27
-7.09845e-27
-2.45197e-26
-8.16896e-26
-2.68701e-25
-8.73223e-25
-2.79623e-24
-8.78402e-24
-2.68838e-23
-7.92431e-23
-2.20197e-22
-5.50306e-22
-1.07317e-21
-4.35374e-22
1.20029e-22
-4.65499e-28
-2.29669e-27
-7.96552e-27
-2.66039e-26
-8.76798e-26
-2.85482e-25
-9.15989e-25
-2.88377e-24
-8.84837e-24
-2.61662e-23
-7.30548e-23
-1.84164e-22
-3.6774e-22
-2.10915e-22
-1.80494e-23
-1.45313e-28
-7.20136e-28
-2.50754e-27
-8.39533e-27
-2.77192e-26
-9.0406e-26
-2.90583e-25
-9.16598e-25
-2.81879e-24
-8.35982e-24
-2.34394e-23
-5.9542e-23
-1.21306e-22
-8.62983e-23
-1.95953e-23
-4.41169e-29
-2.1969e-28
-7.68653e-28
-2.58155e-27
-8.54312e-27
-2.79187e-26
-8.99083e-26
-2.84163e-25
-8.75811e-25
-2.60453e-24
-7.33106e-24
-1.87503e-23
-3.88659e-23
-3.21308e-23
-9.6357e-24
-1.28407e-29
-6.44892e-29
-2.27697e-28
-7.69798e-28
-2.5603e-27
-8.40164e-27
-2.71539e-26
-8.61038e-26
-2.6622e-25
-7.94369e-25
-2.24529e-24
-5.78048e-24
-1.21668e-23
-1.12529e-23
-3.87881e-24
-3.29673e-30
-1.69799e-29
-6.16248e-29
-2.12926e-28
-7.20365e-28
-2.39689e-27
-7.83688e-27
-2.5097e-26
-7.82682e-26
-2.35378e-25
-6.7043e-25
-1.74162e-24
-3.72388e-24
-3.76172e-24
-1.41432e-24
-4.20793e-31
-2.50133e-30
-1.0581e-29
-4.14531e-29
-1.53535e-28
-5.46366e-28
-1.88171e-27
-6.28252e-27
-2.02808e-26
-6.28161e-26
-1.83658e-25
-4.88995e-25
-1.07454e-24
-1.16582e-24
-4.62651e-25
1.15471e-31
4.33857e-31
7.60846e-31
-3.26255e-31
-9.24351e-30
-5.2438e-29
-2.29372e-28
-8.89995e-28
-3.19298e-27
-1.07149e-26
-3.34197e-26
-9.40053e-26
-2.16985e-25
-2.47725e-25
-9.98016e-26
