Vec Object: 1 MPI process
  type: mpi
Process [0]
3.00592
3.0283
2.91941
1.84451
1.77197
1.88879
0.569373
2.08217
0.850408
0.284203
0.452684
1.89183
1.81276
1.71125
1.10832
0.0712587
0.146398
1.50323
1.62933
1.1858
1.44663
0.0124173
0.0703228
0.294329
0.108325
2.07951
1.85278
0.282733
0.532829
3.00789
3.25453
1.03564
1.21906
0.836934
0.706675
0.743695
0.836457
1.88587
1.6574
0.555454
0.388597
3.13856
2.64616
2.94705
2.77671
0.0432741
0.0720485
0.619394
0.61962
3.75426
3.82617
3.08691
3.35001
0.996411
1.0346
3.09003
3.27565
0.26065
0.20221
0.7861
0.937199
4.21132
3.95035
2.23282
2.19474
2.47768
2.67424
1.04385
1.28265
0.529197
0.629942
1.19006
1.47872
1.56095
1.43553
0.276996
0.237417
1.36115
1.3664
2.6189
2.42579
1.00172
1.08627
3.71071
3.1176
3.22121
3.5044
2.90094
2.81287
4.16872
4.33029
0.453154
0.433603
1.6167
1.97677
1.7195
2.63288
2.32514
0.235531
0.478425
2.00345
1.70718
0.852556
0.616077
2.43934
2.55529
1.75283
1.76875
1.34705
1.26307
2.49401
2.27756
0.0526852
0.110249
0.195134
0.179898
2.0434
2.0354
1.80426
1.58882
4.19264
3.92616
0.24488
0.160572
0.487221
0.38936
0.643398
0.557141
1.08479
0.763535
3.98917
4.33022
0.578183
0.508949
0.538521
0.533222
1.4499
1.34988
3.25419
2.56621
0.0792878
0.0642658
4.37042
4.13872
2.72765
2.9384
0.387893
0.230081
1.39664
1.54455
4.03688
3.74568
1.85717
0.440867
0.179964
0.444699
0.787254
4.29888
3.76625
1.11968
0.950377
0.98979
1.03791
0.708476
0.800578
0.320072
0.124744
0.141521
0.0648347
2.09336
2.35144
0.446618
0.289315
2.54689
2.54664
3.44727
3.62069
2.72143
2.55496
2.1363
2.05431
3.21422
3.38822
0.112643
0.231675
0.814111
0.752014
1.66384
1.97013
1.38794
1.3106
1.24363
1.18573
3.24949
3.30208
0.966095
0.788996
2.82567
3.10865
0.698227
0.928824
3.49946
3.2543
2.99356
3.06194
3.46181
3.80327
1.31992
1.27612
1.22442
1.49942
3.11278
0.220592
0.372719
0.969704
0.568974
2.16022
1.12387
1.08445
1.87416
1.90577
0.387841
2.17526
2.0036
2.72034
2.95922
3.53813
3.57514
1.18762
1.43588
0.800483
0.682883
0.77349
0.740606
0.189813
0.149444
1.17955
1.17183
2.69122
0.668796
0.515333
0.367497
0.64403
2.04081
2.23525
1.54947
2.00851
2.14659
2.1467
0.369307
0.453366
0.635086
0.931711
0.316868
0.358195
4.0061
3.82713
0.288561
0.445388
1.75914
1.56508
1.0764
0.876743
0.6565
0.685923
1.60596
1.82186
1.55324
1.91931
0.68345
0.659507
0.811973
1.07918
3.06864
2.41671
4.30084
3.91009
1.63099
1.34799
1.41272
0.911662
1.36003
1.64825
2.6307
2.48125
2.5891
2.17991
1.60633
1.33163
1.49864
1.23989
1.48794
1.55936
0.376802
0.206072
3.02306
3.73539
0.938549
1.38703
1.44985
0.392166
0.244666
0.440148
0.545381
1.51982
1.25851
2.07425
1.79363
2.9451
2.42346
1.7076
0.66857
0.850424
1.23232
1.61535
2.59778
0.857891
1.17211
2.2012
2.96979
3.23748
2.79235
3.77901
1.49135
1.06906
0.597188
0.525578
1.69577
1.34882
0.820766
0.466845
3.31817
2.91211
2.31457
1.72955
2.25759
2.67334
3.14917
3.64041
0.890725
1.08766
2.31731
1.68988
1.94468
2.46114
1.32452
1.49745
1.27693
0.880708
0.514263
0.320403
1.92519
1.83668
2.20046
1.21118
1.90678
1.78977
1.35228
2.3908
2.40111
0.550803
0.345651
1.83381
1.09955
2.45069
3.27118
0.869899
0.812179
1.57899
1.00406
0.766981
1.4484
1.32487
1.60787
1.91829
1.03472
0.54129
0.571959
0.103384
0.149155
0.0169521
0.0594901
0.0353352
2.04503
1.87331
1.97169
1.84889
0.0967265
0.0396407
0.10497
1.24805
1.04506
1.37625
1.16988
0.107029
0.126795
0.00622872
0.0116406
0.114239
1.89875
1.55054
1.93161
0.680113
0.195435
0.564163
0.563292
0.0259128
2.61126
3.69472
3.46735
3.47185
0.262041
0.358943
0.101509
0.060683
0.537051
0.642736
3.93293
3.62266
4.53258
4.43418
0.0620918
0.206727
0.637881
0.239055
0.137119
0.0742424
3.98461
3.84931
3.32175
4.00903
1.33952
1.31898
1.35863
1.6631
0.0481415
0.154183
0.267657
0.41638
0.0152293
1.5004
0.155467
0.337952
2.14775
2.30727
2.61658
2.5592
0.101099
0.195462
0.0483225
0.160485
4.50577
3.97668
0.779373
0.139691
0.55202
0.0711774
0.0503988
0.345323
0.0430188
3.02521
2.19071
2.71515
3.15031
0.238728
0.543278
0.0187592
0.0181747
0.151629
1.18242
2.11921
1.60193
2.15217
0.00920467
0.0307912
0.475876
0.0343871
2.84824
3.67196
3.61736
3.57696
0.570413
0.983215
0.403768
0.639577
0.0100518
0.207163
0.742468
0.612565
0.208364
4.45071
4.04891
4.04603
4.51231
0.717897
0.781107
2.86881
3.53262
0.931201
0.0181336
0.422062
0.255457
2.86022
2.82454
3.68896
4.08807
0.0293711
0.116801
1.58332
0.277688
4.31771
4.12901
0.287491
-0.193647
0.0199244
0.971941
0.0020688
1.24756
0.658701
0.706752
0.0807852
0.178402
0.0570359
0.397041
2.76573
3.48215
2.37519
3.34312
1.47706
0.859015
1.23812
0.741358
0.258786
0.0390284
0.750852
0.270915
1.14984
0.9358
0.0592407
0.808765
0.201557
0.358033
2.25483
2.16746
2.43555
2.09085
0.998834
0.431743
3.25619
3.58144
2.75715
3.3839
1.73888
1.82077
2.2984
1.85313
0.364075
0.842572
4.11434
3.79019
3.95895
3.43568
2.55827
2.45662
3.01714
2.40045
0.320161
0.342634
0.634735
2.45042
1.54424
1.71813
2.29312
2.53129
2.1373
0.113567
0.768003
0.655806
1.41331
1.01456
0.480698
0.0193664
0.314998
1.2526
2.20166
0.871088
1.75305
1.1794
0.980595
0.538428
0.119738
1.29803
3.51217
2.78377
3.30777
3.29947
2.1807
1.0534
2.00633
2.15361
0.446101
2.7104
1.64582
2.30596
3.7542
4.0946
1.92005
0.371718
0.717063
0.225102
0.0282428
0.246846
1.00454
2.70811
0.935527
0.979898
2.14604
1.62711
1.22424
1.12883
0.087082
0.0330023
0.716132
3.13287
2.46414
2.74282
2.27502
4.29792
2.38842
0.272243
1.29015
0.593187
-0.0162727
0.00370974
0.439493
2.41981
2.74433
3.55206
3.86554
0.0650315
0.116113
0.0214948
3.4926
2.77459
0.463063
0.143758
4.24319
3.0015
0.0550882
0.00981716
4.16718
0.0403821
0.146915
3.40164
3.10697
0.311846
0.0289645
3.02313
2.19398
0.324671
0.0464065
2.81164
0.44393
0.357948
0.136587
2.45193
0.0525996
1.6494
0.128535
1.9916
0.194592
1.03558
1.06124
0.660672
1.62299
0.131048
1.06145
1.72299
0.14142
0.0563215
1.88347
1.06875
2.71808
0.895714
1.35112
1.03579
0.0571684
4.14349
0.0158306
-0.156601
0.00252771
4.46872
