TITLE=" L2 and Linf norms of the changes of all variables. LAST OUTER ITERATION for each time step"
VARIABLES=         "TotalIter" "L2_VelocityX" "L2_VelocityY" "L2_VelocityZ" "L2_Pressure" "L2_TurbNut" "Linf_VelocityX" "Linf_VelocityY" "Linf_VelocityZ" "Linf_Pressure" "Linf_TurbNut"
       1  1.895E-02  2.144E-02  0.000E+00  6.026E-03  0.000E+00  1.597E-01  1.751E-01  0.000E+00  1.252E-02  0.000E+00
       2  4.634E-03  4.964E-03  0.000E+00  3.928E-03  0.000E+00  3.883E-02  4.254E-02  0.000E+00  6.303E-03  0.000E+00
       3  3.586E-03  3.898E-03  0.000E+00  2.786E-03  0.000E+00  2.945E-02  3.224E-02  0.000E+00  5.790E-03  0.000E+00
       4  2.865E-03  3.139E-03  0.000E+00  2.381E-03  0.000E+00  2.229E-02  2.444E-02  0.000E+00  5.434E-03  0.000E+00
       5  2.404E-03  2.616E-03  0.000E+00  2.126E-03  0.000E+00  1.691E-02  1.853E-02  0.000E+00  4.833E-03  0.000E+00
       6  2.090E-03  2.249E-03  0.000E+00  1.681E-03  0.000E+00  1.283E-02  1.508E-02  0.000E+00  4.338E-03  0.000E+00
       7  1.877E-03  2.001E-03  0.000E+00  1.230E-03  0.000E+00  1.045E-02  1.630E-02  0.000E+00  3.966E-03  0.000E+00
       8  2.040E-03  1.971E-03  0.000E+00  1.710E-03  0.000E+00  1.558E-02  2.061E-02  0.000E+00  6.086E-03  0.000E+00
       9  1.862E-03  1.758E-03  0.000E+00  1.339E-03  0.000E+00  1.590E-02  1.962E-02  0.000E+00  5.321E-03  0.000E+00
      10  1.645E-03  1.522E-03  0.000E+00  1.174E-03  0.000E+00  1.497E-02  1.755E-02  0.000E+00  4.718E-03  0.000E+00
      11  1.382E-03  1.276E-03  0.000E+00  1.607E-03  0.000E+00  1.238E-02  1.449E-02  0.000E+00  4.153E-03  0.000E+00
      12  1.314E-03  1.322E-03  0.000E+00  1.458E-03  0.000E+00  1.204E-02  1.552E-02  0.000E+00  4.360E-03  0.000E+00
      13  1.246E-03  1.319E-03  0.000E+00  1.322E-03  0.000E+00  1.188E-02  1.591E-02  0.000E+00  4.397E-03  0.000E+00
      14  1.161E-03  1.255E-03  0.000E+00  1.238E-03  0.000E+00  1.158E-02  1.560E-02  0.000E+00  4.198E-03  0.000E+00
      15  1.067E-03  1.195E-03  0.000E+00  8.818E-04  0.000E+00  1.182E-02  1.529E-02  0.000E+00  3.666E-03  0.000E+00
      16  1.004E-03  1.150E-03  0.000E+00  9.053E-04  0.000E+00  1.109E-02  1.466E-02  0.000E+00  3.527E-03  0.000E+00
      17  9.474E-04  1.095E-03  0.000E+00  9.455E-04  0.000E+00  1.046E-02  1.393E-02  0.000E+00  3.385E-03  0.000E+00
      18  9.036E-04  1.069E-03  0.000E+00  7.858E-04  0.000E+00  1.006E-02  1.393E-02  0.000E+00  3.169E-03  0.000E+00
      19  8.578E-04  1.035E-03  0.000E+00  7.301E-04  0.000E+00  9.785E-03  1.382E-02  0.000E+00  3.112E-03  0.000E+00
      20  7.719E-04  9.800E-04  0.000E+00  5.796E-04  0.000E+00  9.778E-03  1.347E-02  0.000E+00  2.783E-03  0.000E+00
      21  7.215E-04  9.132E-04  0.000E+00  5.786E-04  0.000E+00  9.195E-03  1.238E-02  0.000E+00  2.663E-03  0.000E+00
      22  6.851E-04  8.971E-04  0.000E+00  5.098E-04  0.000E+00  8.870E-03  1.240E-02  0.000E+00  2.519E-03  0.000E+00
      23  6.631E-04  8.662E-04  0.000E+00  4.942E-04  0.000E+00  8.573E-03  1.202E-02  0.000E+00  2.407E-03  0.000E+00
      24  6.280E-04  7.997E-04  0.000E+00  4.993E-04  0.000E+00  8.010E-03  1.091E-02  0.000E+00  2.204E-03  0.000E+00
      25  5.363E-04  7.417E-04  0.000E+00  3.672E-04  0.000E+00  7.525E-03  1.002E-02  0.000E+00  1.779E-03  0.000E+00
      26  4.990E-04  7.228E-04  0.000E+00  3.161E-04  0.000E+00  7.228E-03  9.715E-03  0.000E+00  1.594E-03  0.000E+00
      27  4.941E-04  7.145E-04  0.000E+00  3.312E-04  0.000E+00  6.870E-03  9.474E-03  0.000E+00  1.536E-03  0.000E+00
      28  4.755E-04  6.936E-04  0.000E+00  3.092E-04  0.000E+00  6.437E-03  9.461E-03  0.000E+00  1.456E-03  0.000E+00
      29  4.382E-04  6.767E-04  0.000E+00  2.927E-04  0.000E+00  6.084E-03  9.285E-03  0.000E+00  1.393E-03  0.000E+00
      30  4.186E-04  6.529E-04  0.000E+00  2.968E-04  0.000E+00  5.696E-03  8.893E-03  0.000E+00  1.295E-03  0.000E+00
      31  3.855E-04  6.177E-04  0.000E+00  2.487E-04  0.000E+00  5.232E-03  9.143E-03  0.000E+00  1.099E-03  0.000E+00
      32  3.768E-04  6.083E-04  0.000E+00  2.438E-04  0.000E+00  4.903E-03  9.224E-03  0.000E+00  1.037E-03  0.000E+00
      33  3.664E-04  5.897E-04  0.000E+00  2.543E-04  0.000E+00  4.544E-03  9.180E-03  0.000E+00  9.885E-04  0.000E+00
      34  3.353E-04  5.612E-04  0.000E+00  2.027E-04  0.000E+00  4.225E-03  8.949E-03  0.000E+00  9.048E-04  0.000E+00
      35  3.346E-04  5.538E-04  0.000E+00  2.138E-04  0.000E+00  4.001E-03  8.729E-03  0.000E+00  8.820E-04  0.000E+00
      36  3.296E-04  5.369E-04  0.000E+00  2.126E-04  0.000E+00  3.726E-03  8.587E-03  0.000E+00  9.414E-04  0.000E+00
      37  3.087E-04  5.198E-04  0.000E+00  1.983E-04  0.000E+00  3.504E-03  8.310E-03  0.000E+00  1.005E-03  0.000E+00
      38  2.966E-04  5.021E-04  0.000E+00  2.109E-04  0.000E+00  3.421E-03  7.746E-03  0.000E+00  9.716E-04  0.000E+00
      39  2.761E-04  4.801E-04  0.000E+00  2.317E-04  0.000E+00  3.395E-03  7.168E-03  0.000E+00  9.760E-04  0.000E+00
      40  2.576E-04  4.660E-04  0.000E+00  2.092E-04  0.000E+00  3.413E-03  6.621E-03  0.000E+00  9.590E-04  0.000E+00
      41  2.525E-04  4.415E-04  0.000E+00  1.961E-04  0.000E+00  3.372E-03  6.076E-03  0.000E+00  8.898E-04  0.000E+00
      42  2.549E-04  4.157E-04  0.000E+00  2.197E-04  0.000E+00  3.060E-03  5.533E-03  0.000E+00  8.451E-04  0.000E+00
      43  2.285E-04  3.909E-04  0.000E+00  1.826E-04  0.000E+00  2.701E-03  5.485E-03  0.000E+00  8.547E-04  0.000E+00
      44  2.317E-04  3.676E-04  0.000E+00  2.469E-04  0.000E+00  2.882E-03  5.146E-03  0.000E+00  7.715E-04  0.000E+00
      45  2.478E-04  3.418E-04  0.000E+00  2.524E-04  0.000E+00  2.796E-03  4.549E-03  0.000E+00  5.953E-04  0.000E+00
      46  2.213E-04  3.419E-04  0.000E+00  2.053E-04  0.000E+00  2.385E-03  4.307E-03  0.000E+00  6.900E-04  0.000E+00
      47  1.944E-04  3.203E-04  0.000E+00  1.712E-04  0.000E+00  2.297E-03  4.029E-03  0.000E+00  6.096E-04  0.000E+00
      48  1.884E-04  3.020E-04  0.000E+00  1.234E-04  0.000E+00  2.295E-03  3.753E-03  0.000E+00  4.348E-04  0.000E+00
      49  1.683E-04  2.785E-04  0.000E+00  2.440E-04  0.000E+00  2.178E-03  3.597E-03  0.000E+00  5.774E-04  0.000E+00
      50  1.599E-04  2.680E-04  0.000E+00  2.968E-04  0.000E+00  2.030E-03  3.275E-03  0.000E+00  6.840E-04  0.000E+00
