TITLE=" L2 and Linf norms of the residuals for all equations. LAST OUTER ITERATION for each time step"
VARIABLES=         "TotalIter" "L2_VelocityX" "L2_VelocityY" "L2_VelocityZ" "L2_Pressure" "L2_TurbNut" "Linf_VelocityX" "Linf_VelocityY" "Linf_VelocityZ" "Linf_Pressure" "Linf_TurbNut"
       1  5.722E-03  6.411E-03  0.000E+00  6.040E-05  0.000E+00  8.628E-02  9.425E-02  0.000E+00  9.543E-04  0.000E+00
       2  1.430E-03  1.611E-03  0.000E+00  4.869E-05  0.000E+00  2.149E-02  2.363E-02  0.000E+00  5.587E-04  0.000E+00
       3  1.080E-03  1.216E-03  0.000E+00  3.890E-05  0.000E+00  1.620E-02  1.780E-02  0.000E+00  3.293E-04  0.000E+00
       4  8.168E-04  9.186E-04  0.000E+00  3.348E-05  0.000E+00  1.220E-02  1.341E-02  0.000E+00  3.112E-04  0.000E+00
       5  6.201E-04  6.965E-04  0.000E+00  3.023E-05  0.000E+00  9.199E-03  1.010E-02  0.000E+00  2.796E-04  0.000E+00
       6  4.736E-04  5.314E-04  0.000E+00  2.792E-05  0.000E+00  6.933E-03  7.604E-03  0.000E+00  3.013E-04  0.000E+00
       7  3.656E-04  4.099E-04  0.000E+00  2.607E-05  0.000E+00  5.226E-03  5.725E-03  0.000E+00  2.843E-04  0.000E+00
       8  1.486E-04  1.615E-04  0.000E+00  2.845E-05  0.000E+00  2.130E-03  3.314E-03  0.000E+00  8.002E-04  0.000E+00
       9  1.501E-04  1.569E-04  0.000E+00  2.547E-05  0.000E+00  2.505E-03  3.634E-03  0.000E+00  7.100E-04  0.000E+00
      10  1.396E-04  1.546E-04  0.000E+00  2.011E-05  0.000E+00  2.615E-03  3.674E-03  0.000E+00  2.153E-04  0.000E+00
      11  1.268E-04  1.471E-04  0.000E+00  2.063E-05  0.000E+00  2.459E-03  3.404E-03  0.000E+00  3.674E-04  0.000E+00
      12  1.316E-04  1.460E-04  0.000E+00  1.966E-05  0.000E+00  2.474E-03  3.300E-03  0.000E+00  3.344E-04  0.000E+00
      13  1.239E-04  1.433E-04  0.000E+00  1.817E-05  0.000E+00  2.399E-03  3.191E-03  0.000E+00  3.176E-04  0.000E+00
      14  1.152E-04  1.411E-04  0.000E+00  1.783E-05  0.000E+00  2.348E-03  3.117E-03  0.000E+00  2.857E-04  0.000E+00
      15  1.169E-04  1.439E-04  0.000E+00  1.609E-05  0.000E+00  2.534E-03  3.262E-03  0.000E+00  2.659E-04  0.000E+00
      16  1.117E-04  1.417E-04  0.000E+00  1.564E-05  0.000E+00  2.409E-03  3.133E-03  0.000E+00  1.925E-04  0.000E+00
      17  1.085E-04  1.391E-04  0.000E+00  1.618E-05  0.000E+00  2.321E-03  3.042E-03  0.000E+00  3.082E-04  0.000E+00
      18  1.066E-04  1.359E-04  0.000E+00  1.723E-05  0.000E+00  2.286E-03  2.981E-03  0.000E+00  4.528E-04  0.000E+00
      19  1.061E-04  1.323E-04  0.000E+00  1.644E-05  0.000E+00  2.248E-03  2.912E-03  0.000E+00  4.342E-04  0.000E+00
      20  1.082E-04  1.316E-04  0.000E+00  1.307E-05  0.000E+00  2.303E-03  2.920E-03  0.000E+00  1.455E-04  0.000E+00
      21  9.951E-05  1.288E-04  0.000E+00  1.274E-05  0.000E+00  2.219E-03  2.817E-03  0.000E+00  1.262E-04  0.000E+00
      22  1.008E-04  1.268E-04  0.000E+00  1.245E-05  0.000E+00  2.221E-03  2.790E-03  0.000E+00  1.537E-04  0.000E+00
      23  9.682E-05  1.242E-04  0.000E+00  1.260E-05  0.000E+00  2.159E-03  2.720E-03  0.000E+00  1.629E-04  0.000E+00
      24  9.351E-05  1.199E-04  0.000E+00  1.420E-05  0.000E+00  2.044E-03  2.612E-03  0.000E+00  3.712E-04  0.000E+00
      25  9.507E-05  1.184E-04  0.000E+00  1.273E-05  0.000E+00  2.087E-03  2.635E-03  0.000E+00  3.516E-04  0.000E+00
      26  8.929E-05  1.164E-04  0.000E+00  1.064E-05  0.000E+00  2.075E-03  2.599E-03  0.000E+00  1.254E-04  0.000E+00
      27  8.430E-05  1.131E-04  0.000E+00  9.855E-06  0.000E+00  1.975E-03  2.483E-03  0.000E+00  9.576E-05  0.000E+00
      28  8.121E-05  1.100E-04  0.000E+00  9.334E-06  0.000E+00  1.861E-03  2.351E-03  0.000E+00  1.200E-04  0.000E+00
      29  7.886E-05  1.077E-04  0.000E+00  9.242E-06  0.000E+00  1.770E-03  2.243E-03  0.000E+00  1.295E-04  0.000E+00
      30  7.682E-05  1.054E-04  0.000E+00  8.602E-06  0.000E+00  1.681E-03  2.144E-03  0.000E+00  1.121E-04  0.000E+00
      31  7.357E-05  1.038E-04  0.000E+00  7.905E-06  0.000E+00  1.643E-03  2.095E-03  0.000E+00  8.071E-05  0.000E+00
      32  7.152E-05  1.021E-04  0.000E+00  7.808E-06  0.000E+00  1.576E-03  2.021E-03  0.000E+00  8.973E-05  0.000E+00
      33  6.989E-05  9.972E-05  0.000E+00  7.104E-06  0.000E+00  1.493E-03  1.935E-03  0.000E+00  6.843E-05  0.000E+00
      34  6.905E-05  9.815E-05  0.000E+00  7.497E-06  0.000E+00  1.451E-03  1.888E-03  0.000E+00  1.437E-04  0.000E+00
      35  6.869E-05  9.632E-05  0.000E+00  7.439E-06  0.000E+00  1.369E-03  1.801E-03  0.000E+00  1.572E-04  0.000E+00
      36  6.551E-05  9.458E-05  0.000E+00  6.486E-06  0.000E+00  1.295E-03  1.723E-03  0.000E+00  7.610E-05  0.000E+00
      37  6.223E-05  9.292E-05  0.000E+00  6.352E-06  0.000E+00  1.250E-03  1.675E-03  0.000E+00  7.851E-05  0.000E+00
      38  6.111E-05  9.052E-05  0.000E+00  5.984E-06  0.000E+00  1.213E-03  1.636E-03  0.000E+00  7.820E-05  0.000E+00
      39  5.937E-05  8.826E-05  0.000E+00  5.553E-06  0.000E+00  1.181E-03  1.606E-03  0.000E+00  7.708E-05  0.000E+00
      40  5.774E-05  8.617E-05  0.000E+00  5.337E-06  0.000E+00  1.161E-03  1.592E-03  0.000E+00  7.464E-05  0.000E+00
      41  5.586E-05  8.318E-05  0.000E+00  5.151E-06  0.000E+00  1.128E-03  1.558E-03  0.000E+00  7.073E-05  0.000E+00
      42  5.309E-05  7.867E-05  0.000E+00  5.023E-06  0.000E+00  1.044E-03  1.459E-03  0.000E+00  6.726E-05  0.000E+00
      43  5.153E-05  7.544E-05  0.000E+00  5.225E-06  0.000E+00  1.018E-03  1.429E-03  0.000E+00  1.113E-04  0.000E+00
      44  5.010E-05  7.158E-05  0.000E+00  4.958E-06  0.000E+00  9.683E-04  1.371E-03  0.000E+00  1.098E-04  0.000E+00
      45  4.738E-05  6.654E-05  0.000E+00  4.272E-06  0.000E+00  8.715E-04  1.264E-03  0.000E+00  5.413E-05  0.000E+00
      46  4.447E-05  6.228E-05  0.000E+00  4.519E-06  0.000E+00  7.860E-04  1.181E-03  0.000E+00  1.120E-04  0.000E+00
      47  4.311E-05  5.942E-05  0.000E+00  4.591E-06  0.000E+00  7.434E-04  1.148E-03  0.000E+00  1.452E-04  0.000E+00
      48  4.128E-05  5.650E-05  0.000E+00  3.745E-06  0.000E+00  7.118E-04  1.122E-03  0.000E+00  8.170E-05  0.000E+00
      49  3.790E-05  5.359E-05  0.000E+00  3.530E-06  0.000E+00  6.746E-04  1.091E-03  0.000E+00  4.031E-05  0.000E+00
      50  3.632E-05  5.194E-05  0.000E+00  3.790E-06  0.000E+00  6.397E-04  1.064E-03  0.000E+00  9.208E-05  0.000E+00
