Vec Object: 2 MPI processes
  type: mpi
Process [0]
0.000972444
0.00174365
0.0016494
0.00040866
0.00115769
1.44981e-06
4.94073e-05
7.12524e-09
3.10707e-08
0.000535702
0.000111023
0.0153461
0.0377979
0.00316098
0.00302935
0.000156086
0.000164858
5.27501e-05
7.63195e-07
0.00138684
0.000357519
0.00184527
0.0012053
0.0583532
0.0213005
0.058154
0.0657593
0.00167287
0.00254935
0.0214412
0.0144399
0.00709132
0.0201958
0.0002737
0.0018507
1.61448e-08
1.06928e-08
0.000973821
0.000367469
0.000823312
0.00106618
0.0682074
0.0448761
0.000495209
0.00184105
0.000233834
0.000286968
0.0980039
0.0770253
1.04918e-07
0.00549005
0.000555389
7.13673e-06
1.2751e-07
0.0451432
0.0130303
0.000888605
0.0155137
0.0404856
0.0279703
0.00713297
0.0139478
0.00706973
0.012569
0.0231243
3.6755e-06
5.66645e-08
2.74677e-09
0.0409494
-0.256364
0.0224417
0.0407811
0.000439463
0.000232295
0.0320411
0.0153755
0.0127786
0.0189259
5.42918e-07
0.00765208
0.00591951
0.00101558
0.00112496
0.078262
0.084081
7.68609e-09
1.04647e-08
-6.91419e-10
1.34293e-05
0.000154013
0.00279446
0.00498016
0.0438277
0.0117466
0.00097635
0.000488348
0.00821542
0.00586506
1.58501e-06
3.72248e-05
9.06956e-05
3.75872e-06
0.0325148
0.0937991
0.0153015
0.013904
0.047428
0.0170955
0.0090872
0.00193265
0.00803341
0.000133436
0.00309341
0.000489235
0.00287969
0.00425707
1.21115e-05
0.007249
0.0126993
0.049597
-6.38455e-09
2.56524e-08
2.19676e-07
4.81816e-08
3.90644e-05
0.000502421
0.00170078
0.00131848
0.00525711
2.6702e-05
0.00015675
0.0122058
0.0686705
5.39007e-07
2.00591e-05
0.00424631
0.00721373
0.00115176
0.000266351
0.0166039
0.0105331
0.00547095
0.00421461
0.000142866
9.18563e-05
0.00235396
3.29507e-05
4.74448e-05
3.09808e-05
0.00266454
0.0145083
6.86926e-09
0.0108994
0.000463073
0.00302251
0.0125902
0.00900066
0.0101515
7.80984e-08
4.89261e-09
0.000101809
6.48642e-06
2.05431e-05
0.00486221
0.00380432
0.0177458
0.000225361
0.000244156
7.92944e-07
1.84013e-07
7.91871e-07
0.0151012
0.00606718
5.65742e-05
0.000878339
0.000505263
0.00345207
1.49673e-06
4.5301e-05
3.68987e-06
0.000134573
1.2602e-05
0.000332041
0.000148218
0.00123437
3.97144e-05
0.000537565
2.29224e-06
2.84096e-05
0.000933615
4.441e-09
1.09431e-05
0.000936182
0.00405063
0.00347301
0.000104249
0.000157287
0.0747744
-0.210009
0.0815418
0.0726922
0.062359
0.0301359
0.0577012
-0.210986
0.0952179
0.0592345
0.0269094
0.000257856
1.86745e-05
0.0425665
0.014805
-0.194787
-0.166671
0.128381
0.0609108
0.00134316
0.00329173
0.0361112
0.0713748
-0.274119
0.0189623
0.0922647
0.0298798
-0.193095
0.0740733
0.0804134
1.36383e-08
0.0953094
-0.242455
0.0539268
0.0419533
3.63153e-08
0.0373743
-0.246412
0.0416919
-0.215374
0.0299733
0.000448997
-0.169322
0.0144092
0.0271973
0.0725568
-0.263946
0.0314744
0.0220782
0.029798
0.0551706
0.045819
0.0580632
0.0475511
1.75103e-05
4.57364e-06
0.000636781
0.0161036
0.00828989
1.23144e-08
0.0729854
0.00893455
0.00915471
0.167491
-0.0548704
0.106722
-0.278613
2.17971e-08
4.42973e-05
0.0835421
0.0440058
0.00838743
0.0074536
0.0783379
0.0376701
0.0105588
1.94451e-05
7.12612e-06
0.00206199
0.00798102
0.000603678
0.00275863
5.51571e-07
1.21943e-05
5.82881e-07
0.00924138
0.00629827
0.0204908
0.00546427
0.0246588
0.0224287
-1.07335e-07
0.00360241
4.08062e-06
0.000216963
-0.241972
0.000413185
8.44227e-05
2.8152e-08
0.00322225
0.0103152
0.0315529
0.0184927
1.35383e-05
5.49032e-06
0.000172586
0.00193268
0.00697316
0.0877607
0.0268645
0.00646015
0.000899747
1.03551e-07
7.30156e-06
5.6729e-09
0.0150703
0.000153484
0.0763697
0.117422
0.000447144
0.00208892
-0.206021
0.0136214
0.0764623
-0.177298
0.0373144
0.0779004
-0.269011
0.0185668
0.123543
0.0426076
-0.247221
0.0696039
-0.195226
0.0489559
0.0742108
-5.18349e-07
0.0922221
3.42346e-05
0.0701541
-4.27606e-07
0.0376675
8.99406e-05
0.0343774
0.0367481
0.0091723
-0.0502395
0.0846413
0.0490597
Process [1]
3.9219e-05
4.94502e-07
1.85007e-09
0.
0.
0.000405439
2.95561e-05
0.00232296
7.49472e-14
8.66046e-19
1.00013e-10
-2.60099e-15
7.46568e-11
0.00127155
0.00172878
0.0087231
0.
0.
0.
-7.35704e-15
-1.30999e-14
0.0847162
-0.226038
0.
0.
0.
0.088815
0.0840472
2.17608e-05
-3.53459e-07
0.
0.
1.54088e-16
-0.189417
0.0560446
0.0577552
0.0481865
0.
0.0345245
0.00996789
-2.00524e-16
-1.68058e-14
0.00404833
0.00659189
0.0393131
0.0583544
0.
0.
3.77471e-05
0.000611283
-2.02101e-15
1.25266e-12
8.78645e-11
-0.254071
0.10343
-4.96029e-15
0.
0.
0.0431303
-0.236485
0.
4.07649e-09
0.0431799
1.0633e-09
1.30104e-06
0.
0.
0.
0.0190282
0.0440436
0.
0.
0.00198888
-0.238585
0.0669415
0.
0.0233983
0.0162097
3.5246e-12
4.73147e-11
0.0982924
-6.0207e-14
0.
0.00382324
0.
0.0809168
0.0241051
0.
1.92354e-06
5.43885e-08
9.33126e-11
0.
0.
-0.274556
0.0151596
-0.233489
0.
0.
3.97605e-12
0.
6.96359e-09
-1.06793e-10
2.22718e-05
0.000104003
-3.22464e-16
0.
0.0675015
0.02378
4.08402e-06
0.000782528
0.000128637
0.130027
0.0323613
-4.83586e-19
-1.89965e-13
0.00113964
0.00506935
0.000841748
1.35727e-07
2.67772e-07
3.49696e-06
1.65669e-05
9.88626e-07
-1.33669e-17
0.
0.
0.0237403
0.00868973
6.32374e-11
0.000282724
0.000376572
8.76613e-09
0.
0.0302505
0.00149222
-0.0121278
0.
0.
0.
5.61754e-09
5.29043e-07
8.8115e-11
3.59987e-09
2.24989e-11
0.000128016
-4.77212e-16
0.0110852
0.0850979
0.00193778
0.
-4.32946e-10
-4.88331e-15
0.
0.
-3.21474e-13
0.
9.62464e-13
0.
4.97419e-09
0.
1.22994e-11
0.
2.17926e-06
6.93059e-17
0.0130119
2.81832e-09
0.
-1.27559e-15
0.0398152
0.000604796
0.00281923
0.00522287
0.00836918
0.00880972
0.0761576
0.0198832
0.0516101
0.132131
0.0616828
-0.271577
0.
0.000185535
3.28673e-11
-9.43853e-13
2.4728e-11
2.43516e-05
8.65665e-05
0.0410146
-0.151483
0.00205258
0.001123
7.51713e-05
0.000559327
0.
0.
0.000132486
7.52606e-05
0.00325844
0.0154944
1.38494e-11
4.24257e-11
3.21205e-07
6.02053e-07
0.
0.
-2.52654e-18
-1.05699e-18
3.5606e-11
7.7862e-12
0.
0.
9.90624e-07
2.16863e-05
4.00022e-09
2.51935e-08
1.56367e-18
-4.57411e-17
0.00114498
0.000963949
1.02935e-07
2.35912e-06
0.
-3.41929e-15
0.0075619
0.00871188
6.91039e-06
6.79775e-06
4.67604e-12
-7.83428e-10
4.70205e-08
3.83665e-08
0.00295609
0.00427563
0.03423
0.0100489
0.0010459
0.
0.
0.
-4.03973e-15
0.0132635
0.00819422
0.
0.
-5.32328e-17
-8.00878e-18
1.03869e-12
2.53026e-15
1.35016e-10
3.80066e-11
1.94223e-09
0.
0.
9.31953e-17
0.
0.000397769
0.000558487
-2.02801e-16
-4.36766e-17
0.
7.50008e-13
6.02152e-12
0.
0.
0.0162236
0.0820065
0.
0.
0.0117925
0.00539564
0.000176242
0.000705072
6.39364e-14
-3.48294e-16
0.000823915
0.00246005
0.0386251
0.00600804
0.0173134
-4.96348e-17
-6.13405e-13
0.0001451
2.43989e-05
0.00400938
0.00558671
1.39736e-05
0.0068419
0.00125379
0.00856103
0.
0.
7.359e-07
1.42628e-05
4.24411e-16
0.
1.83164e-11
3.11957e-10
7.96765e-07
5.71948e-05
0.
0.
3.51154e-11
2.35707e-09
-8.87394e-16
1.46557e-19
5.43369e-11
-6.34581e-15
0.00885927
0.032157
4.75544e-09
-6.9168e-13
2.97275e-14
-8.05584e-17
5.03742e-11
2.84261e-05
1.23398e-09
8.54151e-09
0.000164509
6.05836e-06
5.68633e-05
2.93091e-05
0.00646911
0.000412275
4.45389e-07
2.37479e-07
1.82092e-19
0.
0.00764627
2.38053e-08
-4.62127e-18
0.
0.
-5.40295e-17
1.39724e-12
-1.10753e-15
8.37545e-10
0.00250996
0.0228556
-6.94967e-16
1.00749e-09
-3.31244e-15
0.014303
0.00181948
7.99011e-11
6.36181e-06
6.31978e-08
