Vec Object: 1 MPI process
  type: mpi
Process [0]
5.66516e-21
7.12975e-07
2.34556e-05
7.94799e-09
4.73646e-16
4.32267e-08
1.3517e-06
0.0001121
0.000656618
9.32466e-05
8.14042e-05
9.13889e-05
-3.24789e-13
0.000629368
-1.03748e-24
2.21665e-08
2.21194e-25
4.50788e-05
1.30896e-06
6.76913e-05
-3.24788e-26
0.
-5.10311e-23
6.4068e-08
1.42649e-05
0.000398577
0.00277791
0.000860444
0.000994264
0.00290714
8.07721e-10
0.00116738
0.000779014
8.77789e-05
0.00296485
3.73316e-05
0.00122639
3.10216e-16
1.07148e-09
0.
0.00400624
0.00205223
1.25973e-24
6.97155e-09
3.94745e-07
4.47826e-06
0.00048145
0.00314629
0.00108563
0.011346
0.00546501
6.4068e-08
2.42074e-06
0.00586964
0.0106791
0.00428188
0.00400641
0.00469852
0.00658499
0.0136284
0.0161213
0.000678971
0.00100168
0.0137127
0.00383145
0.
4.65577e-25
2.14903e-05
0.00063009
0.000826635
2.2928e-06
1.96995e-19
3.43911e-19
8.83787e-09
7.82998e-18
9.171e-08
1.42709e-07
7.55576e-06
0.000593824
0.000932871
0.0123073
0.0172205
0.00399358
0.0148665
0.0149144
0.0162822
1.61625e-08
1.21585e-06
0.00994244
0.0140368
0.0126252
0.0165558
0.0195389
0.0160437
0.0178762
0.0234389
0.0215503
0.0163517
0.0125662
0.0055643
0.0361493
0.00523464
0.0183526
0.
0.
0.0182027
0.01742
0.0130395
0.0163632
0.0363885
0.000464872
0.00369361
2.99902e-06
-2.89255e-20
0.
4.68841e-24
2.19603e-08
7.17774e-05
0.000245126
0.000508645
6.55908e-06
0.0053256
0.0421717
0.0153874
0.0959577
0.107689
0.116776
0.116338
0.0531071
0.115443
0.0422778
0.0945618
0.0480076
0.11595
0.0530069
0.0572772
-1.76694e-34
0.115438
0.117468
0.105438
0.
0.
0.
0.00509362
0.049787
0.014758
0.0540726
0.0468178
4.12754e-18
6.58046e-05
8.83787e-09
0.117371
0.12195
0.0613589
1.15009e-08
0.00107016
0.000236997
0.000151576
0.
1.56142e-08
0.
-3.99504e-24
0.
3.4907e-19
0.
-0.309283
4.25008e-05
4.84765e-05
0.138545
0.17278
0.146687
-0.300559
0.148851
0.000909026
-0.305723
0.00110973
0.139761
0.139088
0.
0.0149572
0.0152693
0.153171
0.0968327
0.0458397
0.
0.148536
-0.289997
0.0464229
0.135716
0.0181187
0.209789
0.166172
0.124321
0.226825
0.15989
0.
-5.90959e-21
3.08768e-18
-0.317799
-0.310656
0.14043
0.0179074
-0.334804
0.
0.135586
-0.314954
1.20117e-06
2.2971e-07
0.00402393
0.0106446
0.111079
0.15784
0.149688
4.50377e-15
0.
0.0141872
-0.332516
0.152307
-0.261994
0.000170394
7.68756e-06
0.104129
-0.316563
-0.291609
0.
7.38107e-05
3.16136e-10
4.14268e-06
1.20681e-08
4.78475e-09
1.37405e-07
4.64245e-09
0.000387708
0.000153512
0.000214665
-8.0207e-13
0.000533079
6.20851e-06
0.000131245
-1.88716e-25
-7.20096e-16
-3.65315e-23
4.15832e-13
3.3694e-07
0.000229154
-5.52181e-23
0.
2.50757e-08
9.60307e-08
9.86797e-07
7.5266e-05
0.000891342
0.00256053
0.000246218
0.000716649
-1.12386e-09
0.0038518
0.00383999
1.93885e-05
0.000844029
0.000876473
0.00382766
5.13253e-09
3.36849e-17
0.
0.000954038
0.00055508
4.32456e-09
8.38565e-08
7.82032e-08
2.35172e-06
0.000111058
0.000858872
0.00290218
0.00480366
0.0115743
4.54955e-17
3.72262e-07
0.0131812
0.00382819
0.0100757
0.00898906
0.0123137
0.00176129
0.00520532
0.00582054
0.000174589
0.00368276
0.00473839
0.0119737
0.
2.89255e-20
5.25417e-06
2.27773e-05
0.00344544
4.89672e-07
4.02469e-20
2.2196e-18
1.01257e-17
-4.71357e-25
5.13517e-08
5.23372e-06
4.0656e-05
0.000125282
0.00215861
0.00423532
0.0378321
0.00127456
0.0331091
0.0309329
0.0346473
8.02826e-07
2.81034e-06
0.00451566
0.0337597
0.00471597
0.0424502
0.0394828
0.00584159
0.0442367
0.0411072
0.0082676
0.039073
0.00497764
0.0130035
0.0148285
0.014516
0.0401521
0.
0.
0.0396656
0.0371604
0.0329327
0.0340896
0.0180745
0.000143627
0.000822442
1.08993e-05
0.
0.
1.12612e-08
9.05171e-07
2.08229e-05
0.000729517
0.00313819
2.21449e-06
0.0118158
0.0172883
0.0382406
0.0435794
0.0515532
0.0553498
0.0537498
0.108886
0.0482138
0.109563
0.0472166
0.0998829
0.0472099
0.10146
0.114687
5.90959e-21
0.0554114
0.0580928
0.0482857
-1.2613e-26
0.
0.
0.0108071
0.126754
0.0352679
0.113217
0.121078
-8.83787e-09
0.000226348
-8.32666e-07
0.0492165
0.0732064
0.025115
3.02151e-39
0.00253865
0.000742938
1.21587e-06
0.
7.67661e-09
0.
0.
-3.4907e-19
2.49227e-15
0.
0.149572
6.01706e-06
0.000140091
-0.290488
-0.181794
-0.313688
0.145892
-0.308727
0.000200944
0.148056
0.00329743
-0.288945
-0.297686
0.
0.0384761
0.033176
-0.334659
0.0514624
0.118855
0.
-0.334543
0.142953
0.105237
-0.290621
0.0357983
0.078959
-0.202877
0.0446131
-0.39073
-0.340586
0.
0.
-4.94878e-34
0.140096
0.148236
-0.316816
0.0358593
0.154005
0.
-0.287595
0.148811
4.10451e-06
6.78631e-08
0.00101714
0.00354854
0.0512494
-0.332261
-0.333561
1.03556e-06
0.
0.00456954
0.15083
-0.286323
0.153455
7.3185e-06
2.9768e-05
0.0420478
0.151155
0.17796
0.
