Vec Object: 1 MPI process
  type: mpi
Process [0]
1.56235
1.07257
1.2942
1.0117
0.926045
0.895769
1.31765
1.62846
1.503
1.60794
1.49308
1.74891
1.05679
1.47471
0.813614
0.794716
0.893707
1.44252
1.08613
1.7376
0.6521
0.54424
0.62896
0.715422
0.84932
1.01367
1.8259
1.95474
2.06339
2.03184
1.20325
2.19525
1.62609
1.29739
1.49326
1.15883
1.40478
0.633245
0.566058
0.440375
2.28486
1.78734
0.404536
0.467025
0.759117
0.869565
1.00558
1.24994
0.893599
1.34713
1.47674
0.489322
0.624642
1.76973
1.95298
2.12567
2.02872
1.80897
2.52011
2.51707
2.75727
0.767069
0.897497
1.67379
1.37956
0.339047
0.360038
0.718013
0.853537
1.65133
0.574673
0.187069
0.23293
0.323133
0.46115
0.338841
0.385561
0.511344
0.598193
0.618936
0.809406
1.57925
1.19136
2.10544
2.29641
1.45756
0.310802
0.437885
2.27631
2.34273
2.43764
2.54046
2.8694
2.72224
2.7965
3.06694
2.9593
3.03152
1.15048
0.809387
1.28943
0.98139
1.16968
0.247121
0.22084
1.87712
2.62889
2.20459
2.05584
1.8681
0.633508
0.679909
0.70417
0.262183
0.102034
0.178975
0.196264
0.458933
0.316145
0.44337
0.273343
0.41884
0.971651
0.533914
0.915201
1.0475
1.16962
1.48187
1.81813
2.01991
2.35842
1.77528
2.55724
2.18333
2.8337
2.53906
0.110029
2.70699
2.96035
3.03803
0.138468
0.0760663
0.046637
0.511478
3.24181
0.591792
0.930632
1.27217
0.147818
0.298559
0.220308
2.38832
3.17849
3.24349
0.271398
0.0864593
0.0700963
0.098434
0.0254931
0.0652687
0.0410251
0.0569568
0.0320414
0.0661326
0.029743
1.67028
0.0939146
0.108284
1.5588
2.91936
1.15347
2.3501
2.43884
0.137337
1.95381
0.165563
2.106
0.337117
0.0260482
1.4104
0.144779
0.967176
0.624179
0.204668
0.0143078
2.01362
0.436849
0.584265
0.471459
0.254474
3.19599
2.85888
0.307943
2.41804
0.132972
0.0120665
0.0995645
0.1245
0.985624
1.36143
0.666368
0.830715
0.406842
0.00972802
1.74412
1.76276
0.194455
0.0771361
0.377403
0.183438
1.54674
0.681056
0.34223
0.0673304
0.14399
0.223506
1.90192
2.78577
2.73824
0.312315
0.310531
2.00732
-0.0474898
2.50878
0.00521524
1.64306
1.06738
1.18793
1.10052
0.914028
0.890075
1.21432
1.63456
1.40144
1.62273
1.40941
1.84363
1.03847
1.47442
0.734005
0.791788
0.969703
1.43747
0.991896
1.8317
0.663173
0.543562
0.621605
0.792171
0.878807
0.923517
1.81161
2.05966
1.96055
1.92994
1.30245
2.30597
1.61023
1.1846
1.39302
1.26965
1.37443
0.701529
0.498078
0.430874
2.1767
1.78259
0.392872
0.536197
0.775226
0.872065
1.01509
1.13368
0.98221
1.25654
1.56849
0.512452
0.554315
1.75448
1.95605
2.23176
2.0497
1.92585
2.41885
2.40218
2.65153
0.782431
0.873352
1.56839
1.35158
0.344488
0.308527
0.632686
0.772646
1.65266
0.607422
0.193769
0.220559
0.269584
0.406363
0.368698
0.45185
0.466852
0.519012
0.699853
0.717754
1.63814
1.08449
2.07585
2.38944
1.55658
0.374806
0.407374
2.17249
2.41549
2.45091
2.61993
2.8268
2.61774
2.88468
3.04086
2.86394
3.10763
1.03754
0.763257
1.19331
1.09397
1.10794
0.261879
0.182773
1.82879
2.57713
2.19934
2.03521
1.76297
0.540047
0.718137
0.677834
0.27136
0.134925
0.155094
0.16572
0.486101
0.397452
0.39627
0.211769
0.529055
0.85787
0.638908
0.885179
1.05642
1.31555
1.50633
1.68109
2.13323
2.40038
1.87358
2.57015
2.25806
2.7353
2.51557
0.125096
2.85022
3.05744
3.1243
0.142587
0.0842547
0.0485178
0.468944
3.24431
0.529996
0.784049
1.12153
0.191475
0.380968
0.18328
2.38967
3.24871
3.1856
0.293438
0.151146
0.123875
0.0552155
0.0145552
0.0376308
0.0198257
0.0294139
0.0584048
0.039779
0.057796
1.85554
0.0459452
0.0582573
1.23402
2.64445
0.791562
2.59461
2.08122
0.0683687
2.21522
0.091376
1.77985
0.12631
0.0488896
1.35338
0.252297
0.569684
0.589126
0.340182
0.0298763
1.73783
0.634509
0.679135
0.164451
0.151326
3.25858
2.58625
0.172153
1.99508
-0.0975937
0.0176884
0.071062
0.142794
1.31419
1.69504
0.445506
0.923706
0.68441
0.0165935
1.57213
1.97653
0.255178
0.0441531
0.450902
0.105838
1.51268
0.273792
0.078302
0.0367498
0.165307
0.11183
2.29925
2.43957
2.95173
0.250703
0.261423
2.07561
0.203361
2.86165
0.00535816
