Mat Object: (p_) 1 MPI process
  type: seqaij
row 0: (0, 1.15159)  (1, -0.427427)  (41, -0.444765)  (550, -0.279403) 
row 1: (0, -0.427427)  (1, 1.02056)  (2, -0.378672)  (30, -0.214458) 
row 2: (1, -0.378672)  (2, 0.978473)  (29, -0.280109)  (613, -0.319691) 
row 3: (3, 1.39941)  (243, -0.380074)  (356, -0.495972)  (586, -0.523363) 
row 4: (4, 1.2493)  (373, -0.395672)  (374, -0.483699)  (586, -0.369929) 
row 5: (5, 1.59209)  (152, -0.539957)  (552, -0.398528)  (598, -0.653603) 
row 6: (6, 1.79064)  (28, -0.447742)  (199, -0.78646)  (438, -0.556436) 
row 7: (7, 1.40524)  (286, -0.487208)  (351, -0.4958)  (599, -0.422234) 
row 8: (8, 1.49649)  (262, -0.535575)  (534, -0.519924)  (537, -0.440992) 
row 9: (9, 1.10868)  (241, -0.337346)  (422, -0.470138)  (655, -0.3012) 
row 10: (10, 1.00154)  (134, -0.40691)  (241, -0.306398)  (500, -0.288227) 
row 11: (11, 0.861142)  (12, -0.264454)  (95, -0.168608)  (246, -0.428079) 
row 12: (11, -0.264454)  (12, 0.879432)  (282, -0.188187)  (352, -0.42679) 
row 13: (13, 0.902902)  (14, -0.179082)  (400, -0.275291)  (401, -0.448529) 
row 14: (13, -0.179082)  (14, 0.457313)  (431, -0.278231) 
row 15: (15, 2.78997)  (16, -0.270308)  (670, -0.808443) 
row 16: (15, -0.270308)  (16, 1.30568)  (556, -0.37357)  (666, -0.661803) 
row 17: (17, 1.27409)  (187, -0.360834)  (281, -0.383368)  (346, -0.529886) 
row 18: (18, 1.52267)  (187, -0.482195)  (279, -0.357333)  (571, -0.68314) 
row 19: (19, 1.48167)  (78, -0.372553)  (159, -0.448394)  (619, -0.660719) 
row 20: (20, 1.21025)  (77, -0.401236)  (78, -0.412667)  (93, -0.396343) 
row 21: (21, 2.84586)  (388, -0.672657)  (610, -0.307095) 
row 22: (22, 1.20853)  (387, -0.411019)  (520, -0.432158)  (610, -0.365349) 
row 23: (23, 1.3156)  (155, -0.572481)  (411, -0.241807)  (425, -0.501314) 
row 24: (24, 0.967655)  (411, -0.37263)  (476, -0.283788)  (679, -0.311237) 
row 25: (25, 1.1475)  (64, -0.339341)  (545, -0.435811)  (606, -0.372351) 
row 26: (26, 1.18466)  (399, -0.35732)  (606, -0.457576)  (674, -0.369768) 
row 27: (27, 1.15548)  (437, -0.311099)  (438, -0.479688)  (590, -0.364696) 
row 28: (6, -0.447742)  (28, 1.64193)  (221, -0.618074)  (270, -0.576115) 
row 29: (2, -0.280109)  (29, 1.19477)  (181, -0.361013)  (332, -0.553652) 
row 30: (1, -0.214458)  (30, 1.05118)  (181, -0.381306)  (182, -0.455416) 
row 31: (31, 1.31951)  (200, -0.493074)  (209, -0.455915)  (297, -0.370519) 
row 32: (32, 1.06438)  (372, -0.367336)  (583, -0.290219)  (676, -0.406821) 
row 33: (33, 0.884402)  (34, -0.238531)  (81, -0.35666)  (233, -0.28921) 
row 34: (33, -0.238531)  (34, 1.14359)  (232, -0.51152)  (376, -0.393537) 
row 35: (35, 1.30114)  (36, -0.406996)  (126, -0.410899)  (534, -0.483241) 
row 36: (35, -0.406996)  (36, 1.4166)  (252, -0.486994)  (329, -0.522609) 
row 37: (37, 1.51552)  (180, -0.491036)  (266, -0.488933)  (356, -0.535555) 
row 38: (38, 1.45629)  (265, -0.522875)  (266, -0.477339)  (570, -0.456077) 
row 39: (39, 0.703639)  (465, -0.255961)  (518, -0.246977)  (662, -0.200701) 
row 40: (40, 1.22394)  (442, -0.314258)  (465, -0.338814)  (659, -0.570863) 
row 41: (0, -0.444765)  (41, 1.11078)  (211, -0.391871)  (551, -0.274148) 
row 42: (42, 1.45296)  (344, -0.479105)  (550, -0.570215)  (613, -0.403638) 
row 43: (43, 1.06737)  (44, -0.418663)  (55, -0.298151)  (295, -0.350558) 
row 44: (43, -0.418663)  (44, 1.35649)  (144, -0.44656)  (336, -0.491263) 
row 45: (45, 1.60197)  (378, -0.336361)  (435, -0.568776)  (581, -0.69683) 
row 46: (46, 1.58341)  (141, -0.468898)  (389, -0.679783)  (656, -0.434734) 
row 47: (47, 0.844078)  (239, -0.379299)  (264, -0.175491)  (349, -0.289289) 
row 48: (48, 1.01464)  (70, -0.441006)  (240, -0.249641)  (264, -0.323996) 
row 49: (49, 1.4)  (50, -0.443804)  (408, -0.512061)  (479, -0.444137) 
row 50: (49, -0.443804)  (50, 1.21582)  (296, -0.412221)  (560, -0.359796) 
row 51: (51, 0.959152)  (52, -0.242418)  (463, -0.296162)  (636, -0.420571) 
row 52: (51, -0.242418)  (52, 0.911375)  (201, -0.383791)  (623, -0.285166) 
row 53: (53, 1.1211)  (54, -0.388805)  (262, -0.405613)  (363, -0.326676) 
row 54: (53, -0.388805)  (54, 1.15049)  (195, -0.446867)  (587, -0.314818) 
row 55: (43, -0.298151)  (55, 0.998777)  (56, -0.269958)  (273, -0.430668) 
row 56: (55, -0.269958)  (56, 0.990532)  (320, -0.343014)  (561, -0.37756) 
row 57: (57, 1.12772)  (58, -0.265323)  (582, -0.513506)  (609, -0.348896) 
row 58: (57, -0.265323)  (58, 0.975677)  (294, -0.39879)  (652, -0.311565) 
row 59: (59, 1.27033)  (280, -0.444246)  (576, -0.462171)  (577, -0.363915) 
row 60: (60, 1.4489)  (218, -0.482249)  (280, -0.516428)  (539, -0.450225) 
row 61: (61, 0.930016)  (131, -0.371546)  (143, -0.31106)  (150, -0.24741) 
row 62: (62, 0.923491)  (150, -0.387355)  (322, -0.344163)  (430, -0.191973) 
row 63: (63, 1.10976)  (244, -0.395419)  (545, -0.430499)  (635, -0.283839) 
row 64: (25, -0.339341)  (64, 0.901708)  (470, -0.343853)  (565, -0.218513) 
row 65: (65, 0.980964)  (274, -0.389871)  (336, -0.267704)  (628, -0.32339) 
row 66: (66, 1.09904)  (110, -0.294237)  (321, -0.432093)  (336, -0.372707) 
row 67: (67, 1.19441)  (252, -0.403385)  (272, -0.546352)  (536, -0.244672) 
row 68: (68, 1.12224)  (298, -0.389224)  (345, -0.324778)  (536, -0.408233) 
row 69: (69, 1.03828)  (70, -0.245388)  (250, -0.408134)  (303, -0.384759) 
row 70: (48, -0.441006)  (69, -0.245388)  (70, 1.03189)  (622, -0.345498) 
row 71: (71, 1.04995)  (162, -0.463212)  (288, -0.271681)  (630, -0.315058) 
row 72: (72, 0.937327)  (288, -0.379301)  (371, -0.192142)  (602, -0.365883) 
row 73: (73, 1.46571)  (101, -0.630958)  (289, -0.47418)  (298, -0.360576) 
row 74: (74, 1.27152)  (245, -0.525638)  (347, -0.317633)  (578, -0.428248) 
row 75: (75, 1.10097)  (172, -0.44056)  (540, -0.376548)  (663, -0.283865) 
row 76: (76, 1.20536)  (448, -0.526714)  (540, -0.349499)  (567, -0.329143) 
row 77: (20, -0.401236)  (77, 1.25146)  (136, -0.345598)  (313, -0.504625) 
row 78: (19, -0.372553)  (20, -0.412667)  (78, 1.27633)  (229, -0.491114) 
row 79: (79, 1.27989)  (80, -0.383992)  (238, -0.39923)  (613, -0.496672) 
row 80: (79, -0.383992)  (80, 1.2373)  (97, -0.429068)  (170, -0.424239) 
row 81: (33, -0.35666)  (81, 1.13085)  (82, -0.355351)  (324, -0.418837) 
row 82: (81, -0.355351)  (82, 1.10567)  (208, -0.381074)  (214, -0.369243) 
row 83: (83, 0.992902)  (409, -0.142105)  (638, -0.407709)  (642, -0.443088) 
row 84: (84, 0.991106)  (409, -0.399411)  (477, -0.250379)  (643, -0.341316) 
row 85: (85, 0.712308)  (205, -0.199924)  (211, -0.318434)  (337, -0.19395) 
row 86: (86, 1.23752)  (205, -0.478406)  (338, -0.530138)  (365, -0.228973) 
row 87: (87, 0.895193)  (145, -0.311499)  (211, -0.217375)  (625, -0.366319) 
row 88: (88, 1.42502)  (145, -0.403804)  (283, -0.453686)  (496, -0.567529) 
row 89: (89, 1.50292)  (90, -0.324683)  (428, -0.50468)  (650, -0.673555) 
row 90: (89, -0.324683)  (90, 1.34405)  (490, -0.642526)  (491, -0.37684) 
row 91: (91, 0.95963)  (92, -0.139002)  (424, -0.415372)  (673, -0.405256) 
row 92: (91, -0.139002)  (92, 0.817255)  (488, -0.350747)  (489, -0.327507) 
row 93: (20, -0.396343)  (93, 1.19219)  (310, -0.374868)  (327, -0.420981) 
row 94: (94, 1.02702)  (246, -0.254006)  (247, -0.34531)  (553, -0.427708) 
row 95: (11, -0.168608)  (95, 0.77302)  (282, -0.264003)  (342, -0.340409) 
row 96: (96, 1.26418)  (285, -0.33807)  (569, -0.391237)  (593, -0.534874) 
row 97: (80, -0.429068)  (97, 1.28774)  (359, -0.417424)  (599, -0.441253) 
row 98: (98, 1.30005)  (441, -0.401391)  (464, -0.498429)  (655, -0.400234) 
row 99: (99, 1.08567)  (103, -0.283423)  (500, -0.518569)  (662, -0.283683) 
row 100: (100, 1.47551)  (216, -0.51512)  (362, -0.484141)  (598, -0.476253) 
row 101: (73, -0.630958)  (101, 1.77077)  (362, -0.592896)  (552, -0.546912) 
row 102: (102, 1.23888)  (271, -0.482008)  (576, -0.362536)  (615, -0.394336) 
row 103: (99, -0.283423)  (103, 0.969884)  (269, -0.386699)  (518, -0.299762) 
row 104: (104, 1.1947)  (105, -0.361222)  (110, -0.415274)  (111, -0.418204) 
row 105: (104, -0.361222)  (105, 1.24903)  (224, -0.46377)  (624, -0.424041) 
row 106: (106, 1.29073)  (260, -0.318655)  (677, -0.636658)  (680, -0.335415) 
row 107: (107, 0.988247)  (259, -0.403886)  (471, -0.259704)  (680, -0.324658) 
row 108: (108, 1.463)  (148, -0.495065)  (392, -0.493549)  (393, -0.474385) 
row 109: (109, 1.23278)  (128, -0.416757)  (148, -0.515001)  (530, -0.301024) 
row 110: (66, -0.294237)  (104, -0.415274)  (110, 1.00289)  (628, -0.293379) 
row 111: (104, -0.418204)  (111, 1.07713)  (318, -0.377311)  (574, -0.281618) 
row 112: (112, 1.28039)  (140, -0.398367)  (457, -0.444396)  (474, -0.437632) 
row 113: (113, 1.28203)  (140, -0.572884)  (379, -0.410964)  (640, -0.298186) 
row 114: (114, 0.946496)  (166, -0.325587)  (212, -0.325525)  (301, -0.295383) 
row 115: (115, 1.26546)  (212, -0.477968)  (422, -0.501121)  (639, -0.286374) 
row 116: (116, 1.12614)  (117, -0.316159)  (543, -0.419352)  (680, -0.390632) 
row 117: (116, -0.316159)  (117, 1.05329)  (220, -0.447887)  (584, -0.289246) 
row 118: (118, 1.40528)  (307, -0.482267)  (434, -0.456289)  (606, -0.466721) 
row 119: (119, 1.34697)  (392, -0.42681)  (434, -0.47008)  (674, -0.450077) 
row 120: (120, 1.35914)  (255, -0.249748)  (646, -0.60862)  (650, -0.500768) 
row 121: (121, 1.32004)  (276, -0.470072)  (505, -0.389387)  (559, -0.460583) 
row 122: (122, 1.34467)  (509, -0.407991)  (521, -0.408289)  (535, -0.528393) 
row 123: (123, 1.29147)  (234, -0.31449)  (521, -0.5497)  (640, -0.427279) 
row 124: (124, 1.25106)  (125, -0.337842)  (127, -0.510433)  (580, -0.402786) 
row 125: (124, -0.337842)  (125, 1.2427)  (254, -0.553021)  (361, -0.351834) 
row 126: (35, -0.410899)  (126, 1.22383)  (251, -0.407295)  (360, -0.405637) 
row 127: (124, -0.510433)  (127, 1.46322)  (311, -0.358743)  (360, -0.594039) 
row 128: (109, -0.416757)  (128, 1.14069)  (482, -0.450374)  (498, -0.273556) 
row 129: (129, 1.1072)  (215, -0.340667)  (416, -0.240245)  (498, -0.526289) 
row 130: (130, 1.35529)  (150, -0.493585)  (206, -0.463396)  (558, -0.398314) 
row 131: (61, -0.371546)  (131, 1.08575)  (275, -0.403387)  (420, -0.310818) 
row 132: (132, 1.52056)  (325, -0.383773)  (494, -0.556252)  (547, -0.580536) 
row 133: (133, 1.54)  (325, -0.592721)  (458, -0.415451)  (589, -0.531827) 
row 134: (10, -0.40691)  (134, 1.00822)  (135, -0.257695)  (242, -0.343616) 
row 135: (134, -0.257695)  (135, 0.926557)  (251, -0.265885)  (644, -0.402977) 
row 136: (77, -0.345598)  (136, 0.745929)  (299, -0.214719)  (314, -0.185611) 
row 137: (137, 1.481)  (298, -0.584022)  (299, -0.403349)  (618, -0.493628) 
row 138: (138, 1.41357)  (193, -0.385138)  (194, -0.575675)  (654, -0.452756) 
row 139: (139, 0.91554)  (524, -0.604286)  (647, -0.311255) 
row 140: (112, -0.398367)  (113, -0.572884)  (140, 1.45497)  (141, -0.483719) 
row 141: (46, -0.468898)  (140, -0.483719)  (141, 1.39247)  (533, -0.439855) 
row 142: (142, 1.26463)  (275, -0.300117)  (646, -0.427543)  (691, -0.536974) 
row 143: (61, -0.31106)  (143, 1.12826)  (430, -0.320243)  (605, -0.49696) 
row 144: (44, -0.44656)  (144, 1.32417)  (496, -0.444362)  (573, -0.433248) 
row 145: (87, -0.311499)  (88, -0.403804)  (145, 1.00616)  (337, -0.290854) 
row 146: (146, 1.33603)  (165, -0.334261)  (254, -0.519302)  (330, -0.482469) 
row 147: (147, 1.20526)  (301, -0.433661)  (450, -0.342597)  (535, -0.429004) 
row 148: (108, -0.495065)  (109, -0.515001)  (148, 1.42854)  (149, -0.418475) 
row 149: (148, -0.418475)  (149, 1.37841)  (304, -0.469433)  (434, -0.490507) 
row 150: (61, -0.24741)  (62, -0.387355)  (130, -0.493585)  (150, 1.12835) 
row 151: (151, 0.940252)  (227, -0.332168)  (322, -0.4056)  (638, -0.202483) 
row 152: (5, -0.539957)  (152, 1.47783)  (310, -0.420042)  (343, -0.517831) 
row 153: (153, 1.02238)  (416, -0.469037)  (486, -0.389313)  (607, -0.164034) 
row 154: (154, 1.18688)  (426, -0.48141)  (607, -0.535328)  (686, -0.170143) 
row 155: (23, -0.572481)  (155, 1.17881)  (377, -0.256992)  (631, -0.349337) 
row 156: (156, 0.987893)  (214, -0.406673)  (233, -0.254204)  (631, -0.327016) 
row 157: (157, 1.17002)  (420, -0.532513)  (492, -0.412564)  (605, -0.224941) 
row 158: (158, 1.11307)  (429, -0.453309)  (605, -0.477075)  (637, -0.182687) 
row 159: (19, -0.448394)  (159, 1.16795)  (160, -0.33153)  (228, -0.388024) 
row 160: (159, -0.33153)  (160, 1.33125)  (366, -0.628641)  (614, -0.371073) 
row 161: (161, 1.37922)  (162, -0.474442)  (217, -0.391626)  (557, -0.513149) 
row 162: (71, -0.463212)  (161, -0.474442)  (162, 1.37029)  (200, -0.432634) 
row 163: (163, 1.72693)  (231, -0.729243)  (366, -0.392212)  (568, -0.605479) 
row 164: (164, 1.05995)  (196, -0.339988)  (239, -0.2747)  (339, -0.445257) 
row 165: (146, -0.334261)  (165, 0.915086)  (253, -0.303038)  (301, -0.277787) 
row 166: (114, -0.325587)  (166, 1.01721)  (421, -0.321164)  (507, -0.370464) 
row 167: (167, 0.963093)  (422, -0.370044)  (441, -0.270279)  (648, -0.322771) 
row 168: (168, 1.15965)  (441, -0.325485)  (499, -0.409112)  (651, -0.425049) 
row 169: (169, 1.61287)  (286, -0.419547)  (343, -0.595515)  (596, -0.597811) 
row 170: (80, -0.424239)  (170, 1.38909)  (286, -0.489338)  (344, -0.475517) 
row 171: (171, 1.31665)  (349, -0.444726)  (541, -0.336481)  (600, -0.535443) 
row 172: (75, -0.44056)  (172, 1.49525)  (184, -0.53044)  (541, -0.524251) 
row 173: (173, 1.65239)  (563, -0.552593)  (601, -0.503416)  (624, -0.596383) 
row 174: (174, 1.58572)  (444, -0.564343)  (462, -0.557441)  (665, -0.463938) 
row 175: (175, 1.24401)  (176, -0.426907)  (548, -0.374987)  (561, -0.442112) 
row 176: (175, -0.426907)  (176, 1.35233)  (338, -0.483824)  (604, -0.441594) 
row 177: (177, 1.52272)  (446, -0.610505)  (502, -0.410335)  (682, -0.501885) 
row 178: (178, 1.30597)  (309, -0.390278)  (635, -0.368037)  (682, -0.547658) 
row 179: (179, 1.55135)  (180, -0.446715)  (243, -0.572341)  (603, -0.5323) 
row 180: (37, -0.491036)  (179, -0.446715)  (180, 1.39976)  (599, -0.462005) 
row 181: (29, -0.361013)  (30, -0.381306)  (181, 1.22658)  (331, -0.48426) 
row 182: (30, -0.455416)  (182, 1.32985)  (226, -0.384875)  (551, -0.489558) 
row 183: (183, 0.940446)  (435, -0.362098)  (436, -0.316399)  (468, -0.261949) 
row 184: (172, -0.53044)  (184, 1.1899)  (468, -0.355378)  (609, -0.304083) 
row 185: (185, 1.08276)  (488, -0.286491)  (515, -0.537626)  (673, -0.258646) 
row 186: (186, 1.44353)  (297, -0.505923)  (423, -0.554808)  (673, -0.382803) 
row 187: (17, -0.360834)  (18, -0.482195)  (187, 1.27862)  (352, -0.435587) 
row 188: (188, 1.48294)  (223, -0.41012)  (352, -0.643906)  (574, -0.42891) 
row 189: (189, 1.16505)  (192, -0.287604)  (328, -0.404188)  (570, -0.473258) 
row 190: (190, 1.27358)  (191, -0.395453)  (291, -0.468804)  (317, -0.409325) 
row 191: (190, -0.395453)  (191, 1.0973)  (207, -0.393018)  (672, -0.308824) 
row 192: (189, -0.287604)  (192, 1.55167)  (317, -0.777718)  (340, -0.486347) 
row 193: (138, -0.385138)  (193, 1.50517)  (198, -0.527568)  (331, -0.592463) 
row 194: (138, -0.575675)  (194, 1.67024)  (525, -0.547319)  (647, -0.547251) 
row 195: (54, -0.446867)  (195, 1.39094)  (312, -0.432363)  (369, -0.511711) 
row 196: (164, -0.339988)  (196, 1.15789)  (264, -0.327839)  (312, -0.490062) 
row 197: (197, 1.26433)  (564, -0.302634)  (593, -0.460341)  (682, -0.501359) 
row 198: (193, -0.527568)  (198, 1.21299)  (308, -0.358598)  (564, -0.326823) 
row 199: (6, -0.78646)  (199, 1.80503)  (370, -0.616663)  (557, -0.40191) 
row 200: (31, -0.493074)  (162, -0.432634)  (200, 1.55595)  (370, -0.630245) 
row 201: (52, -0.383791)  (201, 1.15022)  (479, -0.507733)  (595, -0.258694) 
row 202: (202, 1.1496)  (204, -0.367804)  (527, -0.413356)  (595, -0.36844) 
row 203: (203, 1.46732)  (319, -0.347611)  (463, -0.489421)  (503, -0.630287) 
row 204: (202, -0.367804)  (204, 1.2003)  (225, -0.355669)  (319, -0.476829) 
row 205: (85, -0.199924)  (86, -0.478406)  (205, 1.17561)  (592, -0.497281) 
row 206: (130, -0.463396)  (206, 1.82623)  (504, -0.757039)  (559, -0.605797) 
row 207: (191, -0.393018)  (207, 1.18007)  (305, -0.451044)  (323, -0.336005) 
row 208: (82, -0.381074)  (208, 1.31377)  (278, -0.408338)  (357, -0.524358) 
row 209: (31, -0.455915)  (209, 1.3923)  (372, -0.518191)  (630, -0.418191) 
row 210: (210, 1.24392)  (471, -0.457616)  (528, -0.424623)  (684, -0.361677) 
row 211: (41, -0.391871)  (85, -0.318434)  (87, -0.217375)  (211, 0.927679) 
row 212: (114, -0.325525)  (115, -0.477968)  (212, 1.08396)  (253, -0.280469) 
row 213: (213, 1.19992)  (241, -0.407661)  (253, -0.47503)  (644, -0.31723) 
row 214: (82, -0.369243)  (156, -0.406673)  (214, 1.22466)  (375, -0.448739) 
row 215: (129, -0.340667)  (215, 1.32874)  (607, -0.42835)  (631, -0.559724) 
row 216: (100, -0.51512)  (216, 1.62191)  (247, -0.547758)  (341, -0.559035) 
row 217: (161, -0.391626)  (217, 1.31877)  (218, -0.510596)  (591, -0.416548) 
row 218: (60, -0.482249)  (217, -0.510596)  (218, 1.39793)  (354, -0.405089) 
row 219: (219, 1.24941)  (220, -0.389399)  (334, -0.448859)  (669, -0.411154) 
row 220: (117, -0.447887)  (219, -0.389399)  (220, 1.18634)  (259, -0.349054) 
row 221: (28, -0.618074)  (221, 1.6321)  (437, -0.449403)  (659, -0.564626) 
row 222: (222, 1.5182)  (572, -0.533552)  (584, -0.528263)  (669, -0.456383) 
row 223: (188, -0.41012)  (223, 1.35257)  (318, -0.354867)  (355, -0.587583) 
row 224: (105, -0.46377)  (224, 1.29272)  (321, -0.408033)  (661, -0.420917) 
row 225: (204, -0.355669)  (225, 1.30801)  (295, -0.495306)  (321, -0.45704) 
row 226: (182, -0.384875)  (226, 1.69424)  (410, -0.651516)  (478, -0.657852) 
row 227: (151, -0.332168)  (227, 1.40809)  (409, -0.426174)  (525, -0.649748) 
row 228: (159, -0.388024)  (228, 0.910469)  (328, -0.30124)  (340, -0.221205) 
row 229: (78, -0.491114)  (229, 1.26257)  (265, -0.393896)  (328, -0.377561) 
row 230: (230, 1.80183)  (231, -0.51215)  (495, -0.737828)  (614, -0.551848) 
row 231: (163, -0.729243)  (230, -0.51215)  (231, 1.78265)  (589, -0.54126) 
row 232: (34, -0.51152)  (232, 1.50448)  (494, -0.65312)  (588, -0.339841) 
row 233: (33, -0.28921)  (156, -0.254204)  (233, 0.78019)  (377, -0.236776) 
row 234: (123, -0.31449)  (234, 1.13614)  (379, -0.384655)  (611, -0.436998) 
row 235: (235, 1.41516)  (294, -0.399992)  (379, -0.509166)  (389, -0.506002) 
row 236: (236, 1.18383)  (347, -0.360567)  (517, -0.354089)  (597, -0.469178) 
row 237: (237, 1.47846)  (354, -0.598368)  (517, -0.492968)  (579, -0.387126) 
row 238: (79, -0.39923)  (238, 1.19192)  (285, -0.459349)  (332, -0.333339) 
row 239: (47, -0.379299)  (164, -0.2747)  (239, 1.14888)  (568, -0.49488) 
row 240: (48, -0.249641)  (240, 0.948689)  (302, -0.337658)  (349, -0.36139) 
row 241: (9, -0.337346)  (10, -0.306398)  (213, -0.407661)  (241, 1.05141) 
row 242: (134, -0.343616)  (242, 1.10834)  (269, -0.490808)  (519, -0.27392) 
row 243: (3, -0.380074)  (179, -0.572341)  (243, 1.53626)  (306, -0.583845) 
row 244: (63, -0.395419)  (244, 1.33688)  (306, -0.519354)  (309, -0.422111) 
row 245: (74, -0.525638)  (245, 1.61006)  (289, -0.48243)  (342, -0.601993) 
row 246: (11, -0.428079)  (94, -0.254006)  (246, 1.10268)  (248, -0.420594) 
row 247: (94, -0.34531)  (216, -0.547758)  (247, 1.3523)  (335, -0.459229) 
row 248: (246, -0.420594)  (248, 1.21559)  (335, -0.266386)  (353, -0.528606) 
row 249: (249, 1.49569)  (302, -0.449633)  (541, -0.579951)  (582, -0.46611) 
row 250: (69, -0.408134)  (250, 1.23742)  (293, -0.31343)  (302, -0.51586) 
row 251: (126, -0.407295)  (135, -0.265885)  (251, 1.01586)  (519, -0.34268) 
row 252: (36, -0.486994)  (67, -0.403385)  (252, 1.25377)  (537, -0.36339) 
row 253: (165, -0.303038)  (212, -0.280469)  (213, -0.47503)  (253, 1.05854) 
row 254: (125, -0.553021)  (146, -0.519302)  (254, 1.43333)  (535, -0.361009) 
row 255: (120, -0.249748)  (255, 1.05914)  (276, -0.433079)  (560, -0.376311) 
row 256: (256, 1.33389)  (408, -0.294737)  (427, -0.550348)  (480, -0.488807) 
row 257: (257, 1.51494)  (448, -0.508862)  (501, -0.567691)  (634, -0.438388) 
row 258: (258, 1.31371)  (326, -0.422802)  (567, -0.295818)  (634, -0.595092) 
row 259: (107, -0.403886)  (220, -0.349054)  (259, 1.16417)  (287, -0.411234) 
row 260: (106, -0.318655)  (260, 1.12164)  (432, -0.432167)  (471, -0.370816) 
row 261: (261, 1.16015)  (363, -0.498865)  (536, -0.380435)  (537, -0.28085) 
row 262: (8, -0.535575)  (53, -0.405613)  (262, 1.46928)  (367, -0.528094) 
row 263: (263, 1.26515)  (303, -0.277577)  (311, -0.589675)  (622, -0.3979) 
row 264: (47, -0.175491)  (48, -0.323996)  (196, -0.327839)  (264, 0.827325) 
row 265: (38, -0.522875)  (229, -0.393896)  (265, 1.36281)  (327, -0.446042) 
row 266: (37, -0.488933)  (38, -0.477339)  (266, 1.42507)  (351, -0.458802) 
row 267: (267, 1.50351)  (277, -0.516228)  (357, -0.384674)  (373, -0.602605) 
row 268: (268, 1.56077)  (307, -0.574935)  (374, -0.603046)  (545, -0.382792) 
row 269: (103, -0.386699)  (242, -0.490808)  (269, 1.23364)  (271, -0.356133) 
row 270: (28, -0.576115)  (270, 1.61742)  (539, -0.501357)  (577, -0.539951) 
row 271: (102, -0.482008)  (269, -0.356133)  (271, 1.2265)  (348, -0.388359) 
row 272: (67, -0.546352)  (272, 1.36565)  (290, -0.34229)  (612, -0.477011) 
row 273: (55, -0.430668)  (273, 1.33234)  (496, -0.463376)  (548, -0.4383) 
row 274: (65, -0.389871)  (274, 1.38549)  (335, -0.504493)  (573, -0.491128) 
row 275: (131, -0.403387)  (142, -0.300117)  (275, 0.970338)  (558, -0.266834) 
row 276: (121, -0.470072)  (255, -0.433079)  (276, 1.28458)  (604, -0.38143) 
row 277: (267, -0.516228)  (277, 1.53082)  (304, -0.470358)  (307, -0.544231) 
row 278: (208, -0.408338)  (278, 1.28138)  (304, -0.43284)  (530, -0.440207) 
row 279: (18, -0.357333)  (279, 1.24132)  (281, -0.393862)  (591, -0.490124) 
row 280: (59, -0.444246)  (60, -0.516428)  (280, 1.37939)  (579, -0.418713) 
row 281: (17, -0.383368)  (279, -0.393862)  (281, 1.28254)  (354, -0.505309) 
row 282: (12, -0.188187)  (95, -0.264003)  (282, 0.781038)  (346, -0.328848) 
row 283: (88, -0.453686)  (283, 1.40225)  (284, -0.44616)  (315, -0.502401) 
row 284: (283, -0.44616)  (284, 1.62631)  (341, -0.58858)  (573, -0.591568) 
row 285: (96, -0.33807)  (238, -0.459349)  (285, 1.13711)  (359, -0.339696) 
row 286: (7, -0.487208)  (169, -0.419547)  (170, -0.489338)  (286, 1.39609) 
row 287: (259, -0.411234)  (287, 1.33234)  (508, -0.461024)  (528, -0.460086) 
row 288: (71, -0.271681)  (72, -0.379301)  (288, 1.14411)  (591, -0.493129) 
row 289: (73, -0.47418)  (245, -0.48243)  (289, 1.26694)  (345, -0.310329) 
row 290: (272, -0.34229)  (290, 1.22082)  (345, -0.4748)  (347, -0.403734) 
row 291: (190, -0.468804)  (291, 1.46854)  (292, -0.390012)  (368, -0.609722) 
row 292: (291, -0.390012)  (292, 1.05781)  (323, -0.388145)  (586, -0.279656) 
row 293: (250, -0.31343)  (293, 1.45187)  (300, -0.562016)  (350, -0.576425) 
row 294: (58, -0.39879)  (235, -0.399992)  (294, 1.25186)  (532, -0.453073) 
row 295: (43, -0.350558)  (225, -0.495306)  (295, 1.1032)  (320, -0.257336) 
row 296: (50, -0.412221)  (296, 1.23428)  (549, -0.391127)  (604, -0.430931) 
row 297: (31, -0.370519)  (186, -0.505923)  (297, 1.29172)  (676, -0.415277) 
row 298: (68, -0.389224)  (73, -0.360576)  (137, -0.584022)  (298, 1.33382) 
row 299: (136, -0.214719)  (137, -0.403349)  (299, 0.847525)  (617, -0.229457) 
row 300: (293, -0.562016)  (300, 1.23663)  (361, -0.378659)  (580, -0.295958) 
row 301: (114, -0.295383)  (147, -0.433661)  (165, -0.277787)  (301, 1.00683) 
row 302: (240, -0.337658)  (249, -0.449633)  (250, -0.51586)  (302, 1.30315) 
row 303: (69, -0.384759)  (263, -0.277577)  (303, 1.03866)  (580, -0.376321) 
row 304: (149, -0.469433)  (277, -0.470358)  (278, -0.43284)  (304, 1.37263) 
row 305: (207, -0.451044)  (305, 1.18453)  (324, -0.340869)  (357, -0.392621) 
row 306: (243, -0.583845)  (244, -0.519354)  (306, 1.52923)  (374, -0.426032) 
row 307: (118, -0.482267)  (268, -0.574935)  (277, -0.544231)  (307, 1.60143) 
row 308: (198, -0.358598)  (308, 1.15603)  (332, -0.474812)  (593, -0.322617) 
row 309: (178, -0.390278)  (244, -0.422111)  (309, 1.49248)  (569, -0.68009) 
row 310: (93, -0.374868)  (152, -0.420042)  (310, 1.10489)  (314, -0.309978) 
row 311: (127, -0.358743)  (263, -0.589675)  (311, 1.52797)  (534, -0.579553) 
row 312: (195, -0.432363)  (196, -0.490062)  (312, 1.43528)  (367, -0.512853) 
row 313: (77, -0.504625)  (313, 1.40309)  (587, -0.555076)  (619, -0.343388) 
row 314: (136, -0.185611)  (310, -0.309978)  (314, 0.68154)  (617, -0.18595) 
row 315: (283, -0.502401)  (315, 1.52053)  (364, -0.563088)  (625, -0.455045) 
row 316: (316, 1.52242)  (494, -0.298608)  (495, -0.600253)  (546, -0.623559) 
row 317: (190, -0.409325)  (192, -0.777718)  (317, 1.57247)  (546, -0.385423) 
row 318: (111, -0.377311)  (223, -0.354867)  (318, 1.16578)  (572, -0.433603) 
row 319: (203, -0.347611)  (204, -0.476829)  (319, 1.30101)  (661, -0.476569) 
row 320: (56, -0.343014)  (295, -0.257336)  (320, 0.947054)  (527, -0.346704) 
row 321: (66, -0.432093)  (224, -0.408033)  (225, -0.45704)  (321, 1.29717) 
row 322: (62, -0.344163)  (151, -0.4056)  (322, 1.33595)  (478, -0.586191) 
row 323: (207, -0.336005)  (292, -0.388145)  (323, 0.995388)  (373, -0.271238) 
row 324: (81, -0.418837)  (305, -0.340869)  (324, 1.16364)  (588, -0.403936) 
row 325: (132, -0.383773)  (133, -0.592721)  (325, 1.3013)  (495, -0.324802) 
row 326: (258, -0.422802)  (326, 1.32713)  (568, -0.560139)  (600, -0.344194) 
row 327: (93, -0.420981)  (265, -0.446042)  (327, 1.33388)  (555, -0.466854) 
row 328: (189, -0.404188)  (228, -0.30124)  (229, -0.377561)  (328, 1.08299) 
row 329: (36, -0.522609)  (329, 1.45919)  (348, -0.566968)  (519, -0.369617) 
row 330: (146, -0.482469)  (330, 1.3315)  (360, -0.479308)  (644, -0.369723) 
row 331: (181, -0.48426)  (193, -0.592463)  (331, 1.57005)  (410, -0.493327) 
row 332: (29, -0.553652)  (238, -0.333339)  (308, -0.474812)  (332, 1.3618) 
row 333: (333, 1.3043)  (543, -0.269925)  (563, -0.556031)  (584, -0.478349) 
row 334: (219, -0.448859)  (334, 1.04002)  (508, -0.265602)  (602, -0.325554) 
row 335: (247, -0.459229)  (248, -0.266386)  (274, -0.504493)  (335, 1.23011) 
row 336: (44, -0.491263)  (65, -0.267704)  (66, -0.372707)  (336, 1.13167) 
row 337: (85, -0.19395)  (145, -0.290854)  (337, 0.866426)  (365, -0.381622) 
row 338: (86, -0.530138)  (176, -0.483824)  (338, 1.53037)  (559, -0.516404) 
row 339: (164, -0.445257)  (339, 1.54611)  (366, -0.627982)  (369, -0.472873) 
row 340: (192, -0.486347)  (228, -0.221205)  (340, 1.16434)  (614, -0.456788) 
row 341: (216, -0.559035)  (284, -0.58858)  (341, 1.63704)  (554, -0.489425) 
row 342: (95, -0.340409)  (245, -0.601993)  (342, 1.51175)  (553, -0.569348) 
row 343: (152, -0.517831)  (169, -0.595515)  (343, 1.58236)  (555, -0.469015) 
row 344: (42, -0.479105)  (170, -0.475517)  (344, 1.48803)  (358, -0.533412) 
row 345: (68, -0.324778)  (289, -0.310329)  (290, -0.4748)  (345, 1.10991) 
row 346: (17, -0.529886)  (282, -0.328848)  (346, 1.48202)  (578, -0.623283) 
row 347: (74, -0.317633)  (236, -0.360567)  (290, -0.403734)  (347, 1.08193) 
row 348: (271, -0.388359)  (329, -0.566968)  (348, 1.44755)  (612, -0.49222) 
row 349: (47, -0.289289)  (171, -0.444726)  (240, -0.36139)  (349, 1.0954) 
row 350: (293, -0.576425)  (350, 1.50321)  (532, -0.486168)  (582, -0.440623) 
row 351: (7, -0.4958)  (266, -0.458802)  (351, 1.37816)  (555, -0.423554) 
row 352: (12, -0.42679)  (187, -0.435587)  (188, -0.643906)  (352, 1.50628) 
row 353: (248, -0.528606)  (353, 1.3597)  (574, -0.510467)  (628, -0.320624) 
row 354: (218, -0.405089)  (237, -0.598368)  (281, -0.505309)  (354, 1.50877) 
row 355: (223, -0.587583)  (355, 1.53299)  (571, -0.504737)  (669, -0.440671) 
row 356: (3, -0.495972)  (37, -0.535555)  (356, 1.40195)  (368, -0.370423) 
row 357: (208, -0.524358)  (267, -0.384674)  (305, -0.392621)  (357, 1.30165) 
row 358: (344, -0.533412)  (358, 1.34015)  (364, -0.488667)  (596, -0.318067) 
row 359: (97, -0.417424)  (285, -0.339696)  (359, 1.10035)  (603, -0.343227) 
row 360: (126, -0.405637)  (127, -0.594039)  (330, -0.479308)  (360, 1.47898) 
row 361: (125, -0.351834)  (300, -0.378659)  (361, 1.20712)  (509, -0.476624) 
row 362: (100, -0.484141)  (101, -0.592896)  (362, 1.67099)  (553, -0.593952) 
row 363: (53, -0.326676)  (261, -0.498865)  (363, 1.19016)  (618, -0.364622) 
row 364: (315, -0.563088)  (358, -0.488667)  (364, 1.40527)  (554, -0.353514) 
row 365: (86, -0.228973)  (337, -0.381622)  (365, 1.13884)  (548, -0.528247) 
row 366: (160, -0.628641)  (163, -0.392212)  (339, -0.627982)  (366, 1.64884) 
row 367: (262, -0.528094)  (312, -0.512853)  (367, 1.60015)  (622, -0.559205) 
row 368: (291, -0.609722)  (356, -0.370423)  (368, 1.62146)  (570, -0.641314) 
row 369: (195, -0.511711)  (339, -0.472873)  (369, 1.57177)  (619, -0.587184) 
row 370: (199, -0.616663)  (200, -0.630245)  (370, 1.71301)  (423, -0.466105) 
row 371: (72, -0.192142)  (371, 0.94804)  (508, -0.386742)  (630, -0.369155) 
row 372: (32, -0.367336)  (209, -0.518191)  (372, 1.43168)  (528, -0.546153) 
row 373: (4, -0.395672)  (267, -0.602605)  (323, -0.271238)  (373, 1.26952) 
row 374: (4, -0.483699)  (268, -0.603046)  (306, -0.426032)  (374, 1.51278) 
row 375: (214, -0.448739)  (375, 1.12321)  (498, -0.363217)  (530, -0.31125) 
row 376: (34, -0.393537)  (376, 1.13586)  (377, -0.239913)  (523, -0.502407) 
row 377: (155, -0.256992)  (233, -0.236776)  (376, -0.239913)  (377, 0.733681) 
row 378: (45, -0.336361)  (378, 1.17016)  (389, -0.386816)  (652, -0.446986) 
row 379: (113, -0.410964)  (234, -0.384655)  (235, -0.509166)  (379, 1.30478) 
row 380: (380, 0.862414)  (485, -0.258636)  (533, -0.358219)  (633, -0.245559) 
row 381: (381, 1.13557)  (382, -0.417869)  (439, -0.270749)  (664, -0.446954) 
row 382: (381, -0.417869)  (382, 1.00339)  (620, -0.585518) 
row 383: (383, 1.21628)  (384, -0.325471)  (400, -0.319682)  (542, -0.571129) 
row 384: (383, -0.325471)  (384, 0.748566)  (444, -0.423094) 
row 385: (385, 1.0698)  (386, -0.267934)  (440, -0.317234)  (658, -0.484633) 
row 386: (385, -0.267934)  (386, 0.684986)  (626, -0.417052) 
row 387: (22, -0.411019)  (387, 1.15681)  (388, -0.233294)  (645, -0.512494) 
row 388: (21, -0.672657)  (387, -0.233294)  (388, 1.47603)  (449, -0.570077) 
row 389: (46, -0.679783)  (235, -0.506002)  (378, -0.386816)  (389, 1.5726) 
row 390: (390, 1.25481)  (432, -0.400912)  (608, -0.32863)  (684, -0.525264) 
row 391: (391, 1.27445)  (432, -0.496319)  (483, -0.21549)  (529, -0.562642) 
row 392: (108, -0.493549)  (119, -0.42681)  (392, 1.38006)  (671, -0.459699) 
row 393: (108, -0.474385)  (393, 1.12618)  (531, -0.233372)  (685, -0.418424) 
row 394: (394, 1.33192)  (437, -0.367895)  (538, -0.467605)  (621, -0.496417) 
row 395: (395, 2.0246)  (538, -0.937786)  (575, -0.718619)  (659, -0.368198) 
row 396: (396, 2.98209)  (397, -0.648055)  (641, -0.513189) 
row 397: (396, -0.648055)  (397, 1.52073)  (474, -0.404511)  (690, -0.468166) 
row 398: (398, 1.18243)  (468, -0.502111)  (660, -0.376769)  (664, -0.303548) 
row 399: (26, -0.35732)  (399, 1.15665)  (470, -0.327738)  (667, -0.471588) 
row 400: (13, -0.275291)  (383, -0.319682)  (400, 0.594973) 
row 401: (13, -0.448529)  (401, 1.10689)  (472, -0.411249)  (677, -0.247108) 
row 402: (402, 1.74607)  (456, -0.367263)  (608, -0.925068)  (683, -0.453741) 
row 403: (403, 1.15306)  (456, -0.456015)  (484, -0.300981)  (689, -0.396067) 
row 404: (404, 0.98032)  (453, -0.238866)  (531, -0.460464)  (632, -0.280991) 
row 405: (405, 1.049)  (415, -0.448871)  (453, -0.324983)  (678, -0.275143) 
row 406: (406, 1.00831)  (474, -0.422141)  (533, -0.252485)  (649, -0.333687) 
row 407: (407, 0.6238)  (623, -0.432948)  (636, -0.190853) 
row 408: (49, -0.512061)  (256, -0.294737)  (408, 1.2365)  (594, -0.429704) 
row 409: (83, -0.142105)  (84, -0.399411)  (227, -0.426174)  (409, 0.96769) 
row 410: (226, -0.651516)  (331, -0.493327)  (410, 1.76252)  (525, -0.61768) 
row 411: (23, -0.241807)  (24, -0.37263)  (411, 0.976749)  (523, -0.362311) 
row 412: (412, 1.46088)  (523, -0.616408)  (547, -0.561859)  (675, -0.28261) 
row 413: (413, 2.80952)  (489, -0.274605)  (629, -0.710824) 
row 414: (414, 3.1258)  (424, -0.388705)  (489, -0.415654) 
row 415: (405, -0.448871)  (415, 1.38711)  (487, -0.393319)  (512, -0.544923) 
row 416: (129, -0.240245)  (153, -0.469037)  (416, 1.21296)  (487, -0.503675) 
row 417: (417, 0.727711)  (491, -0.244747)  (627, -0.482964) 
row 418: (418, 0.543606)  (428, -0.227544)  (491, -0.316062) 
row 419: (419, 1.34551)  (451, -0.46083)  (493, -0.380481)  (510, -0.504203) 
row 420: (131, -0.310818)  (157, -0.532513)  (420, 1.39852)  (493, -0.555192) 
row 421: (166, -0.321164)  (421, 1.48886)  (466, -0.512032)  (639, -0.655662) 
row 422: (9, -0.470138)  (115, -0.501121)  (167, -0.370044)  (422, 1.3413) 
row 423: (186, -0.554808)  (370, -0.466105)  (423, 1.80398)  (475, -0.783064) 
row 424: (91, -0.415372)  (414, -0.388705)  (424, 1.39628)  (670, -0.592205) 
row 425: (23, -0.501314)  (425, 1.17515)  (426, -0.439128)  (476, -0.234713) 
row 426: (154, -0.48141)  (425, -0.439128)  (426, 0.920538) 
row 427: (256, -0.550348)  (427, 1.19506)  (560, -0.331603)  (650, -0.313109) 
row 428: (89, -0.50468)  (418, -0.227544)  (428, 1.15409)  (653, -0.421866) 
row 429: (158, -0.453309)  (429, 0.878955)  (642, -0.425646) 
row 430: (62, -0.191973)  (143, -0.320243)  (430, 0.855218)  (638, -0.343002) 
row 431: (14, -0.278231)  (431, 0.963459)  (529, -0.282918)  (677, -0.402309) 
row 432: (260, -0.432167)  (390, -0.400912)  (391, -0.496319)  (432, 1.3294) 
row 433: (433, 1.24412)  (469, -0.387565)  (585, -0.332882)  (674, -0.523669) 
row 434: (118, -0.456289)  (119, -0.47008)  (149, -0.490507)  (434, 1.41687) 
row 435: (45, -0.568776)  (183, -0.362098)  (435, 1.38588)  (467, -0.455008) 
row 436: (183, -0.316399)  (436, 0.787527)  (609, -0.209209)  (652, -0.261919) 
row 437: (27, -0.311099)  (221, -0.449403)  (394, -0.367895)  (437, 1.1284) 
row 438: (6, -0.556436)  (27, -0.479688)  (438, 1.44634)  (556, -0.410214) 
row 439: (381, -0.270749)  (439, 0.538109)  (660, -0.26736) 
row 440: (385, -0.317234)  (440, 0.611508)  (667, -0.294274) 
row 441: (98, -0.401391)  (167, -0.270279)  (168, -0.325485)  (441, 0.997155) 
row 442: (40, -0.314258)  (442, 1.11098)  (464, -0.489971)  (662, -0.306747) 
row 443: (443, 0.891386)  (444, -0.390512)  (562, -0.500875) 
row 444: (174, -0.564343)  (384, -0.423094)  (443, -0.390512)  (444, 1.37795) 
row 445: (445, 1.31099)  (461, -0.521063)  (502, -0.31861)  (524, -0.47132) 
row 446: (177, -0.610505)  (446, 1.48063)  (544, -0.423462)  (626, -0.446664) 
row 447: (447, 1.48527)  (459, -0.569382)  (501, -0.473981)  (522, -0.441902) 
row 448: (76, -0.526714)  (257, -0.508862)  (448, 1.67938)  (620, -0.643804) 
row 449: (388, -0.570077)  (449, 1.36777)  (466, -0.506675)  (507, -0.291016) 
row 450: (147, -0.342597)  (450, 1.14074)  (507, -0.382909)  (645, -0.415235) 
row 451: (419, -0.46083)  (451, 1.15091)  (490, -0.221386)  (627, -0.468694) 
row 452: (452, 0.991126)  (492, -0.353536)  (510, -0.63759) 
row 453: (404, -0.238866)  (405, -0.324983)  (453, 0.829366)  (685, -0.265518) 
row 454: (454, 0.959823)  (486, -0.304791)  (512, -0.655032) 
row 455: (455, 1.46201)  (484, -0.695786)  (488, -0.323577)  (629, -0.442645) 
row 456: (402, -0.367263)  (403, -0.456015)  (456, 0.823278) 
row 457: (112, -0.444396)  (457, 1.34559)  (520, -0.420019)  (641, -0.481175) 
row 458: (133, -0.415451)  (458, 1.5717)  (501, -0.600057)  (566, -0.556188) 
row 459: (447, -0.569382)  (459, 0.992807)  (620, -0.423425) 
row 460: (460, 1.17587)  (502, -0.376803)  (564, -0.450791)  (654, -0.348278) 
row 461: (445, -0.521063)  (461, 0.8206)  (626, -0.299537) 
row 462: (174, -0.557441)  (462, 1.57721)  (503, -0.490855)  (601, -0.528911) 
row 463: (51, -0.296162)  (203, -0.489421)  (463, 1.14398)  (595, -0.358396) 
row 464: (98, -0.498429)  (442, -0.489971)  (464, 1.37158)  (575, -0.383185) 
row 465: (39, -0.255961)  (40, -0.338814)  (465, 1.03023)  (577, -0.435452) 
row 466: (421, -0.512032)  (449, -0.506675)  (466, 3.02659) 
row 467: (435, -0.455008)  (467, 0.744913)  (660, -0.289905) 
row 468: (183, -0.261949)  (184, -0.355378)  (398, -0.502111)  (468, 1.11944) 
row 469: (433, -0.387565)  (469, 0.703639)  (667, -0.316073) 
row 470: (64, -0.343853)  (399, -0.327738)  (470, 0.909449)  (658, -0.237858) 
row 471: (107, -0.259704)  (210, -0.457616)  (260, -0.370816)  (471, 1.08814) 
row 472: (401, -0.411249)  (472, 1.39259)  (542, -0.352606)  (543, -0.628737) 
row 473: (473, 2.88558)  (610, -0.558566)  (641, -0.501765) 
row 474: (112, -0.437632)  (397, -0.404511)  (406, -0.422141)  (474, 1.26428) 
row 475: (423, -0.783064)  (475, 1.55732)  (556, -0.527178)  (670, -0.247077) 
row 476: (24, -0.283788)  (425, -0.234713)  (476, 0.518501) 
row 477: (84, -0.250379)  (477, 0.408788)  (642, -0.158408) 
row 478: (226, -0.657852)  (322, -0.586191)  (478, 1.86649)  (504, -0.622443) 
row 479: (49, -0.444137)  (201, -0.507733)  (479, 1.28531)  (497, -0.33344) 
row 480: (256, -0.488807)  (480, 1.17632)  (653, -0.430325)  (657, -0.257184) 
row 481: (481, 0.925994)  (531, -0.567992)  (671, -0.358002) 
row 482: (128, -0.450374)  (482, 1.32904)  (487, -0.421606)  (685, -0.457058) 
row 483: (391, -0.21549)  (483, 0.70211)  (608, -0.48662) 
row 484: (403, -0.300981)  (455, -0.695786)  (484, 1.5053)  (683, -0.508529) 
row 485: (380, -0.258636)  (485, 0.781827)  (656, -0.523191) 
row 486: (153, -0.389313)  (454, -0.304791)  (486, 1.01521)  (686, -0.321106) 
row 487: (415, -0.393319)  (416, -0.503675)  (482, -0.421606)  (487, 1.3186) 
row 488: (92, -0.350747)  (185, -0.286491)  (455, -0.323577)  (488, 0.960815) 
row 489: (92, -0.327507)  (413, -0.274605)  (414, -0.415654)  (489, 1.01777) 
row 490: (90, -0.642526)  (451, -0.221386)  (490, 1.38442)  (691, -0.520511) 
row 491: (90, -0.37684)  (417, -0.244747)  (418, -0.316062)  (491, 0.937649) 
row 492: (157, -0.412564)  (452, -0.353536)  (492, 1.04627)  (637, -0.280167) 
row 493: (419, -0.380481)  (420, -0.555192)  (493, 1.22557)  (691, -0.289898) 
row 494: (132, -0.556252)  (232, -0.65312)  (316, -0.298608)  (494, 1.50798) 
row 495: (230, -0.737828)  (316, -0.600253)  (325, -0.324802)  (495, 1.66288) 
row 496: (88, -0.567529)  (144, -0.444362)  (273, -0.463376)  (496, 1.47527) 
row 497: (479, -0.33344)  (497, 1.07605)  (527, -0.340111)  (549, -0.402497) 
row 498: (128, -0.273556)  (129, -0.526289)  (375, -0.363217)  (498, 1.16306) 
row 499: (168, -0.409112)  (499, 2.98252)  (648, -0.49241) 
row 500: (10, -0.288227)  (99, -0.518569)  (500, 1.15066)  (655, -0.343867) 
row 501: (257, -0.567691)  (447, -0.473981)  (458, -0.600057)  (501, 1.64173) 
row 502: (177, -0.410335)  (445, -0.31861)  (460, -0.376803)  (502, 1.10575) 
row 503: (203, -0.630287)  (462, -0.490855)  (503, 1.70218)  (562, -0.581039) 
row 504: (206, -0.757039)  (478, -0.622443)  (504, 1.85573)  (592, -0.476248) 
row 505: (121, -0.389387)  (505, 1.04106)  (558, -0.366033)  (646, -0.28564) 
row 506: (506, 2.73109)  (639, -0.889073)  (648, -0.406574) 
row 507: (166, -0.370464)  (449, -0.291016)  (450, -0.382909)  (507, 1.04439) 
row 508: (287, -0.461024)  (334, -0.265602)  (371, -0.386742)  (508, 1.11337) 
row 509: (122, -0.407991)  (361, -0.476624)  (509, 1.49258)  (611, -0.607963) 
row 510: (419, -0.504203)  (452, -0.63759)  (510, 1.46114)  (687, -0.319343) 
row 511: (511, 0.821116)  (627, -0.279245)  (687, -0.54187) 
row 512: (415, -0.544923)  (454, -0.655032)  (512, 1.4773)  (688, -0.277347) 
row 513: (513, 0.848209)  (678, -0.327969)  (688, -0.52024) 
row 514: (514, 2.83093)  (629, -0.353544)  (689, -0.819802) 
row 515: (185, -0.537626)  (515, 1.17512)  (676, -0.240256)  (681, -0.397236) 
row 516: (516, 0.995337)  (649, -0.269953)  (690, -0.725384) 
row 517: (236, -0.354089)  (237, -0.492968)  (517, 1.2204)  (578, -0.37334) 
row 518: (39, -0.246977)  (103, -0.299762)  (518, 0.897606)  (576, -0.350867) 
row 519: (242, -0.27392)  (251, -0.34268)  (329, -0.369617)  (519, 0.986217) 
row 520: (22, -0.432158)  (457, -0.420019)  (520, 1.33811)  (640, -0.485932) 
row 521: (122, -0.408289)  (123, -0.5497)  (521, 1.44738)  (645, -0.489394) 
row 522: (447, -0.441902)  (522, 1.05161)  (668, -0.609703) 
row 523: (376, -0.502407)  (411, -0.362311)  (412, -0.616408)  (523, 1.48113) 
row 524: (139, -0.604286)  (445, -0.47132)  (524, 1.3903)  (654, -0.314695) 
row 525: (194, -0.547319)  (227, -0.649748)  (410, -0.61768)  (525, 1.81475) 
row 526: (526, 1.00464)  (562, -0.466453)  (636, -0.538188) 
row 527: (202, -0.413356)  (320, -0.346704)  (497, -0.340111)  (527, 1.10017) 
row 528: (210, -0.424623)  (287, -0.460086)  (372, -0.546153)  (528, 1.43086) 
row 529: (391, -0.562642)  (431, -0.282918)  (529, 0.845561) 
row 530: (109, -0.301024)  (278, -0.440207)  (375, -0.31125)  (530, 1.05248) 
row 531: (393, -0.233372)  (404, -0.460464)  (481, -0.567992)  (531, 1.26183) 
row 532: (294, -0.453073)  (350, -0.486168)  (532, 1.45497)  (611, -0.515733) 
row 533: (141, -0.439855)  (380, -0.358219)  (406, -0.252485)  (533, 1.05056) 
row 534: (8, -0.519924)  (35, -0.483241)  (311, -0.579553)  (534, 1.58272) 
row 535: (122, -0.528393)  (147, -0.429004)  (254, -0.361009)  (535, 1.31841) 
row 536: (67, -0.244672)  (68, -0.408233)  (261, -0.380435)  (536, 1.03334) 
row 537: (8, -0.440992)  (252, -0.36339)  (261, -0.28085)  (537, 1.08523) 
row 538: (394, -0.467605)  (395, -0.937786)  (538, 2.86355) 
row 539: (60, -0.450225)  (270, -0.501357)  (539, 1.46565)  (557, -0.514072) 
row 540: (75, -0.376548)  (76, -0.349499)  (540, 1.3568)  (664, -0.630754) 
row 541: (171, -0.336481)  (172, -0.524251)  (249, -0.579951)  (541, 1.44068) 
row 542: (383, -0.571129)  (472, -0.352606)  (542, 1.3575)  (665, -0.433768) 
row 543: (116, -0.419352)  (333, -0.269925)  (472, -0.628737)  (543, 1.31801) 
row 544: (446, -0.423462)  (544, 1.11424)  (565, -0.372388)  (658, -0.318389) 
row 545: (25, -0.435811)  (63, -0.430499)  (268, -0.382792)  (545, 1.2491) 
row 546: (316, -0.623559)  (317, -0.385423)  (546, 1.3534)  (672, -0.344418) 
row 547: (132, -0.580536)  (412, -0.561859)  (547, 1.53703)  (566, -0.394632) 
row 548: (175, -0.374987)  (273, -0.4383)  (365, -0.528247)  (548, 1.34153) 
row 549: (296, -0.391127)  (497, -0.402497)  (549, 1.13114)  (561, -0.337517) 
row 550: (0, -0.279403)  (42, -0.570215)  (550, 1.36905)  (625, -0.519427) 
row 551: (41, -0.274148)  (182, -0.489558)  (551, 1.2478)  (592, -0.484089) 
row 552: (5, -0.398528)  (101, -0.546912)  (552, 1.32887)  (617, -0.383427) 
row 553: (94, -0.427708)  (342, -0.569348)  (362, -0.593952)  (553, 1.59101) 
row 554: (341, -0.489425)  (364, -0.353514)  (554, 1.25708)  (616, -0.414139) 
row 555: (327, -0.466854)  (343, -0.469015)  (351, -0.423554)  (555, 1.35942) 
row 556: (16, -0.37357)  (438, -0.410214)  (475, -0.527178)  (556, 1.31096) 
row 557: (161, -0.513149)  (199, -0.40191)  (539, -0.514072)  (557, 1.42913) 
row 558: (130, -0.398314)  (275, -0.266834)  (505, -0.366033)  (558, 1.03118) 
row 559: (121, -0.460583)  (206, -0.605797)  (338, -0.516404)  (559, 1.58278) 
row 560: (50, -0.359796)  (255, -0.376311)  (427, -0.331603)  (560, 1.06771) 
row 561: (56, -0.37756)  (175, -0.442112)  (549, -0.337517)  (561, 1.15719) 
row 562: (443, -0.500875)  (503, -0.581039)  (526, -0.466453)  (562, 1.54837) 
row 563: (173, -0.552593)  (333, -0.556031)  (563, 1.62875)  (665, -0.52013) 
row 564: (197, -0.302634)  (198, -0.326823)  (460, -0.450791)  (564, 1.08025) 
row 565: (64, -0.218513)  (544, -0.372388)  (565, 1.11066)  (635, -0.519762) 
row 566: (458, -0.556188)  (547, -0.394632)  (566, 1.25465)  (668, -0.303826) 
row 567: (76, -0.329143)  (258, -0.295818)  (567, 0.892275)  (663, -0.267314) 
row 568: (163, -0.605479)  (239, -0.49488)  (326, -0.560139)  (568, 1.6605) 
row 569: (96, -0.391237)  (309, -0.68009)  (569, 1.46052)  (603, -0.389193) 
row 570: (38, -0.456077)  (189, -0.473258)  (368, -0.641314)  (570, 1.57065) 
row 571: (18, -0.68314)  (355, -0.504737)  (571, 1.65905)  (602, -0.471178) 
row 572: (222, -0.533552)  (318, -0.433603)  (572, 1.54203)  (624, -0.574874) 
row 573: (144, -0.433248)  (274, -0.491128)  (284, -0.591568)  (573, 1.51594) 
row 574: (111, -0.281618)  (188, -0.42891)  (353, -0.510467)  (574, 1.22099) 
row 575: (395, -0.718619)  (464, -0.383185)  (575, 1.89142)  (651, -0.789614) 
row 576: (59, -0.462171)  (102, -0.362536)  (518, -0.350867)  (576, 1.17557) 
row 577: (59, -0.363915)  (270, -0.539951)  (465, -0.435452)  (577, 1.33932) 
row 578: (74, -0.428248)  (346, -0.623283)  (517, -0.37334)  (578, 1.42487) 
row 579: (237, -0.387126)  (280, -0.418713)  (579, 1.31177)  (615, -0.505929) 
row 580: (124, -0.402786)  (300, -0.295958)  (303, -0.376321)  (580, 1.07506) 
row 581: (45, -0.69683)  (581, 1.03378)  (656, -0.336952) 
row 582: (57, -0.513506)  (249, -0.46611)  (350, -0.440623)  (582, 1.42024) 
row 583: (32, -0.290219)  (583, 1.32947)  (681, -0.41002)  (684, -0.629233) 
row 584: (117, -0.289246)  (222, -0.528263)  (333, -0.478349)  (584, 1.29586) 
row 585: (433, -0.332882)  (585, 0.819622)  (671, -0.48674) 
row 586: (3, -0.523363)  (4, -0.369929)  (292, -0.279656)  (586, 1.17295) 
row 587: (54, -0.314818)  (313, -0.555076)  (587, 1.23126)  (618, -0.36137) 
row 588: (232, -0.339841)  (324, -0.403936)  (588, 1.17383)  (672, -0.430057) 
row 589: (133, -0.531827)  (231, -0.54126)  (589, 1.70477)  (634, -0.63168) 
row 590: (27, -0.364696)  (590, 1.13608)  (621, -0.399593)  (666, -0.371786) 
row 591: (217, -0.416548)  (279, -0.490124)  (288, -0.493129)  (591, 1.3998) 
row 592: (205, -0.497281)  (504, -0.476248)  (551, -0.484089)  (592, 1.45762) 
row 593: (96, -0.534874)  (197, -0.460341)  (308, -0.322617)  (593, 1.31783) 
row 594: (408, -0.429704)  (594, 1.41344)  (623, -0.6601)  (657, -0.323632) 
row 595: (201, -0.258694)  (202, -0.36844)  (463, -0.358396)  (595, 0.98553) 
row 596: (169, -0.597811)  (358, -0.318067)  (596, 1.33385)  (616, -0.417971) 
row 597: (236, -0.469178)  (597, 1.44794)  (612, -0.525074)  (615, -0.453683) 
row 598: (5, -0.653603)  (100, -0.476253)  (598, 1.68524)  (616, -0.555385) 
row 599: (7, -0.422234)  (97, -0.441253)  (180, -0.462005)  (599, 1.32549) 
row 600: (171, -0.535443)  (326, -0.344194)  (600, 1.18669)  (663, -0.307055) 
row 601: (173, -0.503416)  (462, -0.528911)  (601, 1.52896)  (661, -0.496636) 
row 602: (72, -0.365883)  (334, -0.325554)  (571, -0.471178)  (602, 1.16261) 
row 603: (179, -0.5323)  (359, -0.343227)  (569, -0.389193)  (603, 1.26472) 
row 604: (176, -0.441594)  (276, -0.38143)  (296, -0.430931)  (604, 1.25396) 
row 605: (143, -0.49696)  (157, -0.224941)  (158, -0.477075)  (605, 1.19898) 
row 606: (25, -0.372351)  (26, -0.457576)  (118, -0.466721)  (606, 1.29665) 
row 607: (153, -0.164034)  (154, -0.535328)  (215, -0.42835)  (607, 1.12771) 
row 608: (390, -0.32863)  (402, -0.925068)  (483, -0.48662)  (608, 1.74032) 
row 609: (57, -0.348896)  (184, -0.304083)  (436, -0.209209)  (609, 0.862188) 
row 610: (21, -0.307095)  (22, -0.365349)  (473, -0.558566)  (610, 1.23101) 
row 611: (234, -0.436998)  (509, -0.607963)  (532, -0.515733)  (611, 1.56069) 
row 612: (272, -0.477011)  (348, -0.49222)  (597, -0.525074)  (612, 1.49431) 
row 613: (2, -0.319691)  (42, -0.403638)  (79, -0.496672)  (613, 1.22) 
row 614: (160, -0.371073)  (230, -0.551848)  (340, -0.456788)  (614, 1.37971) 
row 615: (102, -0.394336)  (579, -0.505929)  (597, -0.453683)  (615, 1.35395) 
row 616: (554, -0.414139)  (596, -0.417971)  (598, -0.555385)  (616, 1.38749) 
row 617: (299, -0.229457)  (314, -0.18595)  (552, -0.383427)  (617, 0.798834) 
row 618: (137, -0.493628)  (363, -0.364622)  (587, -0.36137)  (618, 1.21962) 
row 619: (19, -0.660719)  (313, -0.343388)  (369, -0.587184)  (619, 1.59129) 
row 620: (382, -0.585518)  (448, -0.643804)  (459, -0.423425)  (620, 1.65275) 
row 621: (394, -0.496417)  (590, -0.399593)  (621, 3.06896) 
row 622: (70, -0.345498)  (263, -0.3979)  (367, -0.559205)  (622, 1.3026) 
row 623: (52, -0.285166)  (407, -0.432948)  (594, -0.6601)  (623, 1.37821) 
row 624: (105, -0.424041)  (173, -0.596383)  (572, -0.574874)  (624, 1.5953) 
row 625: (87, -0.366319)  (315, -0.455045)  (550, -0.519427)  (625, 1.34079) 
row 626: (386, -0.417052)  (446, -0.446664)  (461, -0.299537)  (626, 1.16325) 
row 627: (417, -0.482964)  (451, -0.468694)  (511, -0.279245)  (627, 1.2309) 
row 628: (65, -0.32339)  (110, -0.293379)  (353, -0.320624)  (628, 0.937393) 
row 629: (413, -0.710824)  (455, -0.442645)  (514, -0.353544)  (629, 1.50701) 
row 630: (71, -0.315058)  (209, -0.418191)  (371, -0.369155)  (630, 1.1024) 
row 631: (155, -0.349337)  (156, -0.327016)  (215, -0.559724)  (631, 1.23608) 
row 632: (404, -0.280991)  (632, 0.557838)  (678, -0.276848) 
row 633: (380, -0.245559)  (633, 0.506582)  (649, -0.261023) 
row 634: (257, -0.438388)  (258, -0.595092)  (589, -0.63168)  (634, 1.66516) 
row 635: (63, -0.283839)  (178, -0.368037)  (565, -0.519762)  (635, 1.17164) 
row 636: (51, -0.420571)  (407, -0.190853)  (526, -0.538188)  (636, 1.14961) 
row 637: (158, -0.182687)  (492, -0.280167)  (637, 0.462854) 
row 638: (83, -0.407709)  (151, -0.202483)  (430, -0.343002)  (638, 0.953195) 
row 639: (115, -0.286374)  (421, -0.655662)  (506, -0.889073)  (639, 1.83111) 
row 640: (113, -0.298186)  (123, -0.427279)  (520, -0.485932)  (640, 1.2114) 
row 641: (396, -0.513189)  (457, -0.481175)  (473, -0.501765)  (641, 1.49613) 
row 642: (83, -0.443088)  (429, -0.425646)  (477, -0.158408)  (642, 1.02714) 
row 643: (84, -0.341316)  (643, 1.01077)  (647, -0.669459) 
row 644: (135, -0.402977)  (213, -0.31723)  (330, -0.369723)  (644, 1.08993) 
row 645: (387, -0.512494)  (450, -0.415235)  (521, -0.489394)  (645, 1.41712) 
row 646: (120, -0.60862)  (142, -0.427543)  (505, -0.28564)  (646, 1.3218) 
row 647: (139, -0.311255)  (194, -0.547251)  (643, -0.669459)  (647, 1.52796) 
row 648: (167, -0.322771)  (499, -0.49241)  (506, -0.406574)  (648, 1.22176) 
row 649: (406, -0.333687)  (516, -0.269953)  (633, -0.261023)  (649, 0.864663) 
row 650: (89, -0.673555)  (120, -0.500768)  (427, -0.313109)  (650, 1.48743) 
row 651: (168, -0.425049)  (575, -0.789614)  (651, 2.91348) 
row 652: (58, -0.311565)  (378, -0.446986)  (436, -0.261919)  (652, 1.02047) 
row 653: (428, -0.421866)  (480, -0.430325)  (653, 0.852191) 
row 654: (138, -0.452756)  (460, -0.348278)  (524, -0.314695)  (654, 1.11573) 
row 655: (9, -0.3012)  (98, -0.400234)  (500, -0.343867)  (655, 1.0453) 
row 656: (46, -0.434734)  (485, -0.523191)  (581, -0.336952)  (656, 1.29488) 
row 657: (480, -0.257184)  (594, -0.323632)  (657, 0.580817) 
row 658: (385, -0.484633)  (470, -0.237858)  (544, -0.318389)  (658, 1.04088) 
row 659: (40, -0.570863)  (221, -0.564626)  (395, -0.368198)  (659, 1.50369) 
row 660: (398, -0.376769)  (439, -0.26736)  (467, -0.289905)  (660, 0.934034) 
row 661: (224, -0.420917)  (319, -0.476569)  (601, -0.496636)  (661, 1.39412) 
row 662: (39, -0.200701)  (99, -0.283683)  (442, -0.306747)  (662, 0.791131) 
row 663: (75, -0.283865)  (567, -0.267314)  (600, -0.307055)  (663, 0.858235) 
row 664: (381, -0.446954)  (398, -0.303548)  (540, -0.630754)  (664, 1.38126) 
row 665: (174, -0.463938)  (542, -0.433768)  (563, -0.52013)  (665, 1.41783) 
row 666: (16, -0.661803)  (590, -0.371786)  (666, 2.69026) 
row 667: (399, -0.471588)  (440, -0.294274)  (469, -0.316073)  (667, 1.08194) 
row 668: (522, -0.609703)  (566, -0.303826)  (668, 1.51128)  (675, -0.597755) 
row 669: (219, -0.411154)  (222, -0.456383)  (355, -0.440671)  (669, 1.30821) 
row 670: (15, -0.808443)  (424, -0.592205)  (475, -0.247077)  (670, 1.64773) 
row 671: (392, -0.459699)  (481, -0.358002)  (585, -0.48674)  (671, 1.30444) 
row 672: (191, -0.308824)  (546, -0.344418)  (588, -0.430057)  (672, 1.0833) 
row 673: (91, -0.405256)  (185, -0.258646)  (186, -0.382803)  (673, 1.04671) 
row 674: (26, -0.369768)  (119, -0.450077)  (433, -0.523669)  (674, 1.34351) 
row 675: (412, -0.28261)  (668, -0.597755)  (675, 1.47757)  (679, -0.597205) 
row 676: (32, -0.406821)  (297, -0.415277)  (515, -0.240256)  (676, 1.06235) 
row 677: (106, -0.636658)  (401, -0.247108)  (431, -0.402309)  (677, 1.28608) 
row 678: (405, -0.275143)  (513, -0.327969)  (632, -0.276848)  (678, 0.87996) 
row 679: (24, -0.311237)  (675, -0.597205)  (679, 0.908443) 
row 680: (106, -0.335415)  (107, -0.324658)  (116, -0.390632)  (680, 1.0507) 
row 681: (515, -0.397236)  (583, -0.41002)  (681, 1.33714)  (683, -0.529888) 
row 682: (177, -0.501885)  (178, -0.547658)  (197, -0.501359)  (682, 1.5509) 
row 683: (402, -0.453741)  (484, -0.508529)  (681, -0.529888)  (683, 1.49216) 
row 684: (210, -0.361677)  (390, -0.525264)  (583, -0.629233)  (684, 1.51617) 
row 685: (393, -0.418424)  (453, -0.265518)  (482, -0.457058)  (685, 1.141) 
row 686: (154, -0.170143)  (486, -0.321106)  (686, 0.49125) 
row 687: (510, -0.319343)  (511, -0.54187)  (687, 0.861214) 
row 688: (512, -0.277347)  (513, -0.52024)  (688, 0.797587) 
row 689: (403, -0.396067)  (514, -0.819802)  (689, 1.21587) 
row 690: (397, -0.468166)  (516, -0.725384)  (690, 2.74961) 
row 691: (142, -0.536974)  (490, -0.520511)  (493, -0.289898)  (691, 1.34738) 
