Mat Object: 1 MPI process
  type: seqaij
row 0: (0, -1.02882)  (1, -0.0901036)  (4, -0.0742605) 
row 1: (0, -0.0901036)  (1, -0.382316)  (2, -0.0575237)  (5, -0.0506899) 
row 2: (1, 0.)  (2, 1.25064)  (3, -0.0632184)  (6, -0.045156) 
row 3: (2, -0.0632184)  (3, 0.977493)  (7, -0.0632184) 
row 4: (0, -0.0742605)  (4, 1.05075)  (5, -0.0535451)  (8, -0.0603984) 
row 5: (1, -0.0506899)  (4, -0.0535451)  (5, 1.4942)  (6, -0.0400539)  (9, -0.0400539) 
row 6: (2, 0.)  (5, -0.0400539)  (6, 1.52379)  (7, -0.045156)  (10, -0.0395115) 
row 7: (3, -0.0632184)  (6, -0.045156)  (7, 1.25064)  (11, -0.052682) 
row 8: (4, -0.0603984)  (8, 1.24864)  (9, -0.0452033)  (12, -0.0633111) 
row 9: (5, -0.0400539)  (8, -0.0452033)  (9, 1.52379)  (10, -0.0395115)  (13, -0.045156) 
row 10: (6, -0.0395115)  (9, -0.0395115)  (10, 1.52379)  (11, -0.045156)  (14, -0.045156) 
row 11: (7, -0.052682)  (10, -0.045156)  (11, 1.25064)  (15, -0.0632184) 
row 12: (8, -0.0633111)  (12, 0.977493)  (13, -0.0632184) 
row 13: (9, -0.045156)  (12, -0.0632184)  (13, 1.25064)  (14, -0.052682) 
row 14: (10, -0.045156)  (13, -0.052682)  (14, 1.25064)  (15, -0.0632184) 
row 15: (11, -0.0632184)  (14, -0.0632184)  (15, 0.977493) 