Mat Object: (p_) 1 MPI process
  type: seqaij
row 0: (0, -8.788213e-01) (1, 5.313490e-01) (4, 3.474722e-01)
row 1: (0, 5.313490e-01) (1, -2.494991e+00) (2, 1.000000e+00) (5, 9.636425e-01)
row 2: (1, 1.000000e+00) (2, -3.000000e+00) (3, 1.000000e+00) (6, 1.000000e+00)
row 3: (2, 1.000000e+00) (3, -2.000000e+00) (7, 1.000000e+00)
row 4: (0, 3.474722e-01) (4, -2.268184e+00) (5, 9.280301e-01) (8, 9.926812e-01)
row 5: (1, 9.636425e-01) (4, 9.280301e-01) (5, -3.891673e+00) (6, 1.000000e+00) (9, 1.000000e+00)
row 6: (2, 1.000000e+00) (5, 1.000000e+00) (6, -4.000000e+00) (7, 1.000000e+00) (10, 1.000000e+00)
row 7: (3, 1.000000e+00) (6, 1.000000e+00) (7, -3.000000e+00) (11, 1.000000e+00)
row 8: (4, 9.926812e-01) (8, -2.992681e+00) (9, 1.000000e+00) (12, 1.000000e+00)
row 9: (5, 1.000000e+00) (8, 1.000000e+00) (9, -4.000000e+00) (10, 1.000000e+00) (13, 1.000000e+00)
row 10: (6, 1.000000e+00) (9, 1.000000e+00) (10, -4.000000e+00) (11, 1.000000e+00) (14, 1.000000e+00)
row 11: (7, 1.000000e+00) (10, 1.000000e+00) (11, -3.000000e+00) (15, 1.000000e+00)
row 12: (8, 1.000000e+00) (12, -2.000000e+00) (13, 1.000000e+00)
row 13: (9, 1.000000e+00) (12, 1.000000e+00) (13, -3.000000e+00) (14, 1.000000e+00)
row 14: (10, 1.000000e+00) (13, 1.000000e+00) (14, -3.000000e+00) (15, 1.000000e+00)
row 15: (11, 1.000000e+00) (14, 1.000000e+00) (15, -2.000000e+00)
