Mat Object: (p_) 1 MPI process
  type: seqaij
row 0: (0, -2.000000e+00) (1, 1.000000e+00) (4, 1.000000e+00)
row 1: (0, 1.000000e+00) (1, -3.000000e+00) (2, 1.000000e+00) (5, 1.000000e+00)
row 2: (1, 1.000000e+00) (2, -3.000000e+00) (3, 1.000000e+00) (6, 1.000000e+00)
row 3: (2, 1.000000e+00) (3, -2.000000e+00) (7, 1.000000e+00)
row 4: (0, 1.000000e+00) (4, -3.000000e+00) (5, 1.000000e+00) (8, 1.000000e+00)
row 5: (1, 1.000000e+00) (4, 1.000000e+00) (5, -4.000000e+00) (6, 1.000000e+00) (9, 1.000000e+00)
row 6: (2, 1.000000e+00) (5, 1.000000e+00) (6, -4.000000e+00) (7, 1.000000e+00) (10, 1.000000e+00)
row 7: (3, 1.000000e+00) (6, 1.000000e+00) (7, -3.000000e+00) (11, 1.000000e+00)
row 8: (4, 1.000000e+00) (8, -3.000000e+00) (9, 1.000000e+00) (12, 1.000000e+00)
row 9: (5, 1.000000e+00) (8, 1.000000e+00) (9, -4.000000e+00) (10, 1.000000e+00) (13, 1.000000e+00)
row 10: (6, 1.000000e+00) (9, 1.000000e+00) (10, -4.000000e+00) (11, 1.000000e+00) (14, 1.000000e+00)
row 11: (7, 1.000000e+00) (10, 1.000000e+00) (11, -3.000000e+00) (15, 1.000000e+00)
row 12: (8, 1.000000e+00) (12, -2.000000e+00) (13, 1.000000e+00)
row 13: (9, 1.000000e+00) (12, 1.000000e+00) (13, -3.000000e+00) (14, 1.000000e+00)
row 14: (10, 1.000000e+00) (13, 1.000000e+00) (14, -3.000000e+00) (15, 1.000000e+00)
row 15: (11, 1.000000e+00) (14, 1.000000e+00) (15, -2.000000e+00)
