Vec Object: 1 MPI process
  type: mpi
Process [0]
1.311166e+00
9.205565e-01
9.205580e-01
9.205565e-01
9.205570e-01
9.205551e-01
9.205570e-01
9.205580e-01
9.205570e-01
9.205551e-01
9.205561e-01
9.205570e-01
9.205580e-01
9.205551e-01
9.205570e-01
9.205551e-01
9.205589e-01
9.205570e-01
9.205551e-01
9.205589e-01
9.205551e-01
9.205589e-01
9.205551e-01
9.205589e-01
9.205570e-01
9.205551e-01
9.205589e-01
9.205570e-01
9.205551e-01
9.205589e-01
9.205551e-01
5.299482e-01
3.906088e-01
0.000000e+00
-1.907349e-06
0.000000e+00
1.907349e-06
0.000000e+00
-1.907349e-06
-9.536743e-07
1.907349e-06
0.000000e+00
0.000000e+00
-1.907349e-06
1.907349e-06
-1.907349e-06
1.907349e-06
-1.907349e-06
-1.907349e-06
1.907349e-06
-1.907349e-06
-1.907349e-06
0.000000e+00
-1.907349e-06
0.000000e+00
0.000000e+00
-1.907349e-06
0.000000e+00
-1.907349e-06
1.907349e-06
-1.907349e-06
-1.907349e-06
0.000000e+00
-3.906097e-01
3.906078e-01
9.536743e-07
0.000000e+00
0.000000e+00
-1.907349e-06
0.000000e+00
1.907349e-06
0.000000e+00
-1.907349e-06
0.000000e+00
0.000000e+00
1.907349e-06
-1.907349e-06
0.000000e+00
0.000000e+00
0.000000e+00
1.907349e-06
-1.907349e-06
0.000000e+00
1.907349e-06
-1.907349e-06
1.907349e-06
-1.907349e-06
1.907349e-06
1.907349e-06
-1.907349e-06
1.907349e-06
-1.907349e-06
0.000000e+00
3.814697e-06
-3.814697e-06
-3.906078e-01
3.906097e-01
0.000000e+00
0.000000e+00
9.536743e-07
1.907349e-06
0.000000e+00
-1.907349e-06
1.907349e-06
1.907349e-06
-1.907349e-06
1.907349e-06
-1.907349e-06
1.907349e-06
1.907349e-06
-1.907349e-06
1.907349e-06
-1.907349e-06
1.907349e-06
1.907349e-06
-1.907349e-06
1.907349e-06
0.000000e+00
1.907349e-06
1.907349e-06
-1.907349e-06
0.000000e+00
0.000000e+00
3.814697e-06
3.814697e-06
0.000000e+00
0.000000e+00
-3.906078e-01
3.906088e-01
0.000000e+00
-1.907349e-06
0.000000e+00
0.000000e+00
1.907349e-06
-1.907349e-06
-1.907349e-06
1.907349e-06
-1.907349e-06
1.907349e-06
-1.907349e-06
-1.907349e-06
1.907349e-06
-1.907349e-06
1.907349e-06
-1.907349e-06
-1.907349e-06
1.907349e-06
-1.907349e-06
-1.907349e-06
0.000000e+00
-1.907349e-06
1.907349e-06
-3.814697e-06
0.000000e+00
0.000000e+00
-3.814697e-06
-3.814697e-06
0.000000e+00
0.000000e+00
-3.906078e-01
3.906078e-01
1.907349e-06
1.907349e-06
-1.907349e-06
-1.907349e-06
0.000000e+00
1.907349e-06
1.907349e-06
-1.907349e-06
0.000000e+00
1.907349e-06
-1.907349e-06
1.907349e-06
-1.907349e-06
0.000000e+00
1.907349e-06
-1.907349e-06
1.907349e-06
0.000000e+00
-1.907349e-06
1.907349e-06
-3.814697e-06
0.000000e+00
0.000000e+00
0.000000e+00
3.814697e-06
-3.814697e-06
0.000000e+00
0.000000e+00
0.000000e+00
3.814697e-06
-3.906116e-01
3.906097e-01
0.000000e+00
0.000000e+00
1.907349e-06
1.907349e-06
-1.907349e-06
0.000000e+00
0.000000e+00
1.907349e-06
1.907349e-06
-1.907349e-06
1.907349e-06
1.907349e-06
-1.907349e-06
1.907349e-06
-1.907349e-06
1.907349e-06
1.907349e-06
-1.907349e-06
3.814697e-06
0.000000e+00
0.000000e+00
0.000000e+00
3.814697e-06
3.814697e-06
0.000000e+00
0.000000e+00
3.814697e-06
-3.814697e-06
3.814697e-06
0.000000e+00
-3.906097e-01
3.906097e-01
-1.907349e-06
0.000000e+00
-1.907349e-06
0.000000e+00
-1.907349e-06
-1.907349e-06
0.000000e+00
-1.907349e-06
1.907349e-06
-1.907349e-06
-1.907349e-06
0.000000e+00
-3.814697e-06
1.907349e-06
-1.907349e-06
-1.907349e-06
0.000000e+00
0.000000e+00
-3.814697e-06
0.000000e+00
0.000000e+00
0.000000e+00
-3.814697e-06
-3.814697e-06
0.000000e+00
0.000000e+00
0.000000e+00
0.000000e+00
-3.814697e-06
0.000000e+00
-3.906078e-01
3.906116e-01
0.000000e+00
1.907349e-06
0.000000e+00
1.907349e-06
1.907349e-06
0.000000e+00
1.907349e-06
1.907349e-06
-1.907349e-06
3.814697e-06
0.000000e+00
1.907349e-06
1.907349e-06
0.000000e+00
7.629395e-06
0.000000e+00
3.814697e-06
0.000000e+00
0.000000e+00
0.000000e+00
0.000000e+00
3.814697e-06
0.000000e+00
0.000000e+00
0.000000e+00
0.000000e+00
3.814697e-06
3.814697e-06
0.000000e+00
0.000000e+00
-3.906078e-01
3.906097e-01
-1.907349e-06
0.000000e+00
0.000000e+00
0.000000e+00
1.907349e-06
-1.907349e-06
0.000000e+00
1.907349e-06
-1.907349e-06
1.907349e-06
-1.907349e-06
0.000000e+00
3.814697e-06
-3.814697e-06
0.000000e+00
0.000000e+00
-3.814697e-06
3.814697e-06
-3.814697e-06
3.814697e-06
0.000000e+00
-3.814697e-06
3.814697e-06
-3.814697e-06
3.814697e-06
0.000000e+00
-3.814697e-06
-3.814697e-06
0.000000e+00
3.814697e-06
-3.906078e-01
3.906078e-01
-1.907349e-06
-1.907349e-06
0.000000e+00
-1.907349e-06
1.907349e-06
-1.907349e-06
-1.907349e-06
0.000000e+00
-3.814697e-06
3.814697e-06
-3.814697e-06
0.000000e+00
0.000000e+00
0.000000e+00
3.814697e-06
-3.814697e-06
0.000000e+00
0.000000e+00
0.000000e+00
-3.814697e-06
0.000000e+00
0.000000e+00
0.000000e+00
0.000000e+00
-3.814697e-06
0.000000e+00
0.000000e+00
0.000000e+00
0.000000e+00
-3.814697e-06
-3.906078e-01
3.906097e-01
0.000000e+00
0.000000e+00
1.907349e-06
1.907349e-06
-1.907349e-06
0.000000e+00
0.000000e+00
3.814697e-06
0.000000e+00
0.000000e+00
0.000000e+00
3.814697e-06
-3.814697e-06
0.000000e+00
0.000000e+00
0.000000e+00
3.814697e-06
-3.814697e-06
3.814697e-06
0.000000e+00
0.000000e+00
0.000000e+00
3.814697e-06
3.814697e-06
0.000000e+00
0.000000e+00
3.814697e-06
-3.814697e-06
3.814697e-06
0.000000e+00
-3.906097e-01
3.906097e-01
-1.907349e-06
0.000000e+00
-1.907349e-06
1.907349e-06
-7.629395e-06
0.000000e+00
0.000000e+00
-3.814697e-06
3.814697e-06
-7.629395e-06
0.000000e+00
0.000000e+00
0.000000e+00
3.814697e-06
-7.629395e-06
0.000000e+00
0.000000e+00
0.000000e+00
-3.814697e-06
0.000000e+00
0.000000e+00
0.000000e+00
-3.814697e-06
-3.814697e-06
0.000000e+00
0.000000e+00
0.000000e+00
0.000000e+00
-3.814697e-06
0.000000e+00
-3.906078e-01
3.906116e-01
0.000000e+00
0.000000e+00
0.000000e+00
0.000000e+00
7.629395e-06
-3.814697e-06
3.814697e-06
0.000000e+00
0.000000e+00
7.629395e-06
-3.814697e-06
3.814697e-06
0.000000e+00
0.000000e+00
7.629395e-06
-3.814697e-06
3.814697e-06
0.000000e+00
0.000000e+00
0.000000e+00
0.000000e+00
3.814697e-06
0.000000e+00
0.000000e+00
0.000000e+00
0.000000e+00
3.814697e-06
3.814697e-06
0.000000e+00
0.000000e+00
-3.906078e-01
3.906078e-01
0.000000e+00
3.814697e-06
0.000000e+00
-3.814697e-06
0.000000e+00
0.000000e+00
-3.814697e-06
3.814697e-06
-3.814697e-06
0.000000e+00
0.000000e+00
-3.814697e-06
3.814697e-06
-3.814697e-06
0.000000e+00
0.000000e+00
-3.814697e-06
3.814697e-06
-3.814697e-06
3.814697e-06
0.000000e+00
-3.814697e-06
3.814697e-06
-3.814697e-06
3.814697e-06
0.000000e+00
-3.814697e-06
-3.814697e-06
0.000000e+00
3.814697e-06
-3.906078e-01
3.906097e-01
-3.814697e-06
0.000000e+00
0.000000e+00
0.000000e+00
3.814697e-06
-3.814697e-06
3.814697e-06
0.000000e+00
0.000000e+00
3.814697e-06
-3.814697e-06
3.814697e-06
0.000000e+00
0.000000e+00
3.814697e-06
-3.814697e-06
3.814697e-06
0.000000e+00
0.000000e+00
-3.814697e-06
0.000000e+00
3.814697e-06
0.000000e+00
0.000000e+00
-3.814697e-06
0.000000e+00
3.814697e-06
3.814697e-06
0.000000e+00
-3.814697e-06
-3.906078e-01
3.906097e-01
0.000000e+00
0.000000e+00
-3.814697e-06
-7.629395e-06
0.000000e+00
0.000000e+00
-3.814697e-06
0.000000e+00
-7.629395e-06
0.000000e+00
0.000000e+00
-3.814697e-06
0.000000e+00
-7.629395e-06
0.000000e+00
0.000000e+00
-3.814697e-06
0.000000e+00
-7.629395e-06
0.000000e+00
0.000000e+00
-3.814697e-06
0.000000e+00
-7.629395e-06
0.000000e+00
0.000000e+00
-3.814697e-06
-3.814697e-06
-3.814697e-06
0.000000e+00
-3.906097e-01
3.906097e-01
0.000000e+00
7.629395e-06
3.814697e-06
0.000000e+00
0.000000e+00
0.000000e+00
0.000000e+00
7.629395e-06
0.000000e+00
0.000000e+00
0.000000e+00
0.000000e+00
7.629395e-06
0.000000e+00
0.000000e+00
0.000000e+00
0.000000e+00
7.629395e-06
0.000000e+00
3.814697e-06
0.000000e+00
0.000000e+00
7.629395e-06
0.000000e+00
3.814697e-06
0.000000e+00
0.000000e+00
0.000000e+00
3.814697e-06
3.814697e-06
-3.906078e-01
3.906097e-01
-3.814697e-06
0.000000e+00
0.000000e+00
0.000000e+00
3.814697e-06
-3.814697e-06
3.814697e-06
0.000000e+00
0.000000e+00
3.814697e-06
-3.814697e-06
3.814697e-06
0.000000e+00
0.000000e+00
3.814697e-06
-3.814697e-06
3.814697e-06
0.000000e+00
0.000000e+00
-3.814697e-06
0.000000e+00
3.814697e-06
0.000000e+00
0.000000e+00
-3.814697e-06
0.000000e+00
3.814697e-06
3.814697e-06
0.000000e+00
-3.814697e-06
-3.906097e-01
3.906097e-01
0.000000e+00
3.814697e-06
0.000000e+00
-3.814697e-06
0.000000e+00
0.000000e+00
-3.814697e-06
3.814697e-06
-3.814697e-06
0.000000e+00
0.000000e+00
-3.814697e-06
3.814697e-06
-3.814697e-06
0.000000e+00
0.000000e+00
-3.814697e-06
3.814697e-06
-3.814697e-06
3.814697e-06
0.000000e+00
-3.814697e-06
3.814697e-06
-3.814697e-06
3.814697e-06
0.000000e+00
-3.814697e-06
-3.814697e-06
0.000000e+00
7.629395e-06
-3.906097e-01
3.906097e-01
-3.814697e-06
0.000000e+00
0.000000e+00
0.000000e+00
3.814697e-06
-3.814697e-06
3.814697e-06
0.000000e+00
0.000000e+00
3.814697e-06
-3.814697e-06
3.814697e-06
0.000000e+00
0.000000e+00
3.814697e-06
-3.814697e-06
3.814697e-06
0.000000e+00
0.000000e+00
-3.814697e-06
0.000000e+00
3.814697e-06
0.000000e+00
0.000000e+00
-3.814697e-06
0.000000e+00
0.000000e+00
0.000000e+00
0.000000e+00
0.000000e+00
-3.905983e-01
3.906097e-01
0.000000e+00
3.814697e-06
0.000000e+00
-3.814697e-06
0.000000e+00
0.000000e+00
-3.814697e-06
3.814697e-06
-3.814697e-06
0.000000e+00
0.000000e+00
-3.814697e-06
3.814697e-06
-3.814697e-06
0.000000e+00
0.000000e+00
-3.814697e-06
3.814697e-06
-3.814697e-06
3.814697e-06
0.000000e+00
-3.814697e-06
3.814697e-06
-3.814697e-06
7.629395e-06
0.000000e+00
-7.629395e-06
-7.629395e-06
-1.525879e-05
0.000000e+00
-3.906059e-01
3.906059e-01
-7.629395e-06
0.000000e+00
0.000000e+00
0.000000e+00
0.000000e+00
-7.629395e-06
0.000000e+00
0.000000e+00
0.000000e+00
0.000000e+00
-7.629395e-06
0.000000e+00
0.000000e+00
0.000000e+00
0.000000e+00
-7.629395e-06
0.000000e+00
0.000000e+00
0.000000e+00
-3.814697e-06
-3.814697e-06
0.000000e+00
0.000000e+00
0.000000e+00
0.000000e+00
7.629395e-06
0.000000e+00
0.000000e+00
0.000000e+00
-7.629395e-06
-3.906174e-01
3.906136e-01
0.000000e+00
0.000000e+00
0.000000e+00
0.000000e+00
7.629395e-06
0.000000e+00
3.814697e-06
0.000000e+00
0.000000e+00
7.629395e-06
0.000000e+00
3.814697e-06
0.000000e+00
0.000000e+00
7.629395e-06
0.000000e+00
3.814697e-06
0.000000e+00
0.000000e+00
0.000000e+00
0.000000e+00
0.000000e+00
0.000000e+00
0.000000e+00
0.000000e+00
1.525879e-05
7.629395e-06
7.629395e-06
0.000000e+00
0.000000e+00
-3.906097e-01
3.906097e-01
0.000000e+00
3.814697e-06
0.000000e+00
-3.814697e-06
0.000000e+00
0.000000e+00
-3.814697e-06
3.814697e-06
-3.814697e-06
0.000000e+00
0.000000e+00
-3.814697e-06
3.814697e-06
-3.814697e-06
0.000000e+00
0.000000e+00
0.000000e+00
0.000000e+00
7.629395e-06
7.629395e-06
0.000000e+00
-7.629395e-06
-7.629395e-06
-1.525879e-05
0.000000e+00
0.000000e+00
0.000000e+00
0.000000e+00
1.525879e-05
7.629395e-06
-3.906097e-01
3.906097e-01
-3.814697e-06
0.000000e+00
0.000000e+00
0.000000e+00
3.814697e-06
-3.814697e-06
3.814697e-06
0.000000e+00
0.000000e+00
3.814697e-06
-3.814697e-06
3.814697e-06
0.000000e+00
0.000000e+00
7.629395e-06
-7.629395e-06
0.000000e+00
0.000000e+00
0.000000e+00
0.000000e+00
1.525879e-05
7.629395e-06
0.000000e+00
0.000000e+00
-7.629395e-06
-1.525879e-05
0.000000e+00
0.000000e+00
0.000000e+00
0.000000e+00
-3.905983e-01
3.906097e-01
0.000000e+00
3.814697e-06
0.000000e+00
-3.814697e-06
0.000000e+00
0.000000e+00
-3.814697e-06
3.814697e-06
-3.814697e-06
0.000000e+00
0.000000e+00
-3.814697e-06
0.000000e+00
7.629395e-06
7.629395e-06
0.000000e+00
-7.629395e-06
-7.629395e-06
-1.525879e-05
0.000000e+00
0.000000e+00
0.000000e+00
1.525879e-05
7.629395e-06
7.629395e-06
0.000000e+00
-7.629395e-06
-7.629395e-06
-1.525879e-05
0.000000e+00
-3.906059e-01
3.906059e-01
-7.629395e-06
0.000000e+00
0.000000e+00
0.000000e+00
0.000000e+00
-7.629395e-06
0.000000e+00
0.000000e+00
0.000000e+00
7.629395e-06
-7.629395e-06
0.000000e+00
0.000000e+00
0.000000e+00
0.000000e+00
7.629395e-06
0.000000e+00
0.000000e+00
0.000000e+00
-7.629395e-06
-1.525879e-05
0.000000e+00
0.000000e+00
0.000000e+00
0.000000e+00
7.629395e-06
0.000000e+00
0.000000e+00
0.000000e+00
-7.629395e-06
-3.906174e-01
3.906136e-01
0.000000e+00
0.000000e+00
0.000000e+00
0.000000e+00
7.629395e-06
0.000000e+00
3.814697e-06
7.629395e-06
0.000000e+00
0.000000e+00
-7.629395e-06
0.000000e+00
0.000000e+00
0.000000e+00
0.000000e+00
1.525879e-05
7.629395e-06
7.629395e-06
0.000000e+00
0.000000e+00
-7.629395e-06
0.000000e+00
0.000000e+00
0.000000e+00
0.000000e+00
1.525879e-05
7.629395e-06
7.629395e-06
0.000000e+00
0.000000e+00
-3.906097e-01
3.906097e-01
0.000000e+00
3.814697e-06
0.000000e+00
-3.814697e-06
3.814697e-06
0.000000e+00
0.000000e+00
0.000000e+00
1.525879e-05
7.629395e-06
0.000000e+00
-7.629395e-06
-1.525879e-05
0.000000e+00
0.000000e+00
0.000000e+00
0.000000e+00
0.000000e+00
1.525879e-05
7.629395e-06
0.000000e+00
-7.629395e-06
-7.629395e-06
-1.525879e-05
0.000000e+00
0.000000e+00
0.000000e+00
0.000000e+00
1.525879e-05
7.629395e-06
-3.906097e-01
3.906097e-01
-3.814697e-06
0.000000e+00
7.629395e-06
0.000000e+00
-1.525879e-05
0.000000e+00
0.000000e+00
0.000000e+00
0.000000e+00
0.000000e+00
1.525879e-05
7.629395e-06
7.629395e-06
-7.629395e-06
-7.629395e-06
-1.525879e-05
0.000000e+00
0.000000e+00
0.000000e+00
0.000000e+00
1.525879e-05
7.629395e-06
0.000000e+00
0.000000e+00
-7.629395e-06
-1.525879e-05
0.000000e+00
0.000000e+00
0.000000e+00
0.000000e+00
-3.905983e-01
-5.299492e-01
-9.205570e-01
-9.205513e-01
-9.205666e-01
-9.205475e-01
-9.205551e-01
-9.205627e-01
-9.205627e-01
-9.205666e-01
-9.205551e-01
-9.205551e-01
-9.205551e-01
-9.205551e-01
-9.205589e-01
-9.205475e-01
-9.205551e-01
-9.205551e-01
-9.205627e-01
-9.205627e-01
-9.205666e-01
-9.205551e-01
-9.205551e-01
-9.205589e-01
-9.205475e-01
-9.205551e-01
-9.205551e-01
-9.205551e-01
-9.205627e-01
-9.205627e-01
-9.205666e-01
-9.205551e-01
-1.311165e+00
