Vec Object: 1 MPI process
  type: mpi
Process [0]
-0.194143
0.0904709
0.137956
0.123819
0.0852745
0.0327048
-0.025987
-0.0866134
-0.148646
-0.210178
-0.26707
-0.313406
-0.338119
-0.313054
-0.175065
0.0904709
0.490068
0.602014
0.612759
0.581728
0.531636
0.473071
0.411048
0.347339
0.283942
0.223289
0.167498
0.118771
0.0782326
0.0383333
0.137956
0.602014
0.761454
0.798616
0.778703
0.731875
0.673535
0.610746
0.545674
0.479549
0.413122
0.34555
0.273386
0.187358
0.0788111
0.123819
0.612759
0.798616
0.853628
0.843055
0.800221
0.743272
0.680602
0.614595
0.545954
0.47451
0.398135
0.311371
0.203863
0.0781674
0.0852745
0.581728
0.778703
0.843055
0.838708
0.799506
0.744456
0.682489
0.616214
0.546171
0.471873
0.391147
0.299199
0.187983
0.0674502
0.0327048
0.531636
0.731875
0.800221
0.799506
0.763081
0.709934
0.64907
0.583367
0.513575
0.439376
0.358946
0.26865
0.163263
0.055803
-0.025987
0.473071
0.673535
0.743272
0.744456
0.709934
0.658562
0.599232
0.535039
0.467002
0.395147
0.318205
0.233615
0.138287
0.0456097
-0.0866134
0.411048
0.610746
0.680602
0.682489
0.64907
0.599232
0.541759
0.479939
0.415025
0.347308
0.276003
0.19938
0.115653
0.0371747
-0.148646
0.347339
0.545674
0.614595
0.616214
0.583367
0.535039
0.479939
0.421477
0.361042
0.29903
0.234922
0.167516
0.0957171
0.0302181
-0.210178
0.283942
0.479549
0.545954
0.546171
0.513575
0.467002
0.415025
0.361042
0.306398
0.251416
0.195632
0.138106
0.0780621
0.0243467
-0.26707
0.223289
0.413122
0.47451
0.471873
0.439376
0.395147
0.347308
0.29903
0.251416
0.204559
0.157909
0.110621
0.0620455
0.0191952
-0.313406
0.167498
0.34555
0.398135
0.391147
0.358946
0.318205
0.276003
0.234922
0.195632
0.157909
0.121066
0.0842942
0.0470102
0.0144614
-0.338119
0.118771
0.273386
0.311371
0.299199
0.26865
0.233615
0.19938
0.167516
0.138106
0.110621
0.0842942
0.0583906
0.0324095
0.00991634
-0.313054
0.0782326
0.187358
0.203863
0.187983
0.163263
0.138287
0.115653
0.0957171
0.0780621
0.0620455
0.0470102
0.0324095
0.0178872
0.00538749
-0.175065
0.0383333
0.0788111
0.0781674
0.0674502
0.055803
0.0456097
0.0371747
0.0302181
0.0243467
0.0191952
0.0144614
0.00991634
0.00538749
0.00158688
