Vec Object: 1 MPI process
  type: mpi
Process [0]
-0.418785
-0.187258
-0.366856
-0.418593
-0.436552
-0.443606
-0.446467
-0.447633
-0.448147
-0.448478
-0.448904
-0.449759
-0.451859
-0.457816
-0.476616
-0.187258
0.493713
0.358825
0.298804
0.270999
0.257916
0.251966
0.249366
0.248239
0.247686
0.247279
0.246837
0.246428
0.246622
0.249363
-0.366856
0.358825
0.246202
0.188858
0.158637
0.143042
0.135468
0.131998
0.130466
0.129767
0.129374
0.129116
0.129313
0.131332
0.137164
-0.418593
0.298804
0.188858
0.132212
0.10117
0.084506
0.0761307
0.0721851
0.070427
0.0696764
0.0693532
0.0691981
0.0692485
0.0702679
0.074384
-0.436552
0.270999
0.158637
0.10117
0.0694857
0.0522606
0.0434704
0.0392676
0.0373863
0.0366307
0.0364303
0.0365316
0.0368188
0.0373961
0.0398012
-0.443606
0.257916
0.143042
0.084506
0.0522606
0.0346771
0.0256488
0.0212959
0.0193302
0.0185427
0.0183669
0.0185695
0.0190189
0.0195535
0.0209716
-0.446467
0.251966
0.135468
0.0761307
0.0434704
0.0256488
0.0164738
0.0120277
0.00999943
0.00916222
0.00893629
0.00908577
0.00949391
0.00997691
0.010854
-0.447633
0.249366
0.131998
0.0721851
0.0392676
0.0212959
0.0120277
0.00752081
0.00544705
0.0045633
0.00427103
0.00431779
0.00459308
0.00495902
0.00550829
-0.448147
0.248239
0.130466
0.070427
0.0373863
0.0193302
0.00999943
0.00544705
0.00333781
0.00241704
0.00206995
0.00202566
0.00216979
0.00240545
0.00273964
-0.448478
0.247686
0.129767
0.0696764
0.0366307
0.0185427
0.00916222
0.0045633
0.00241704
0.00146338
0.00107536
0.000966601
0.00101436
0.00114401
0.00133625
-0.448904
0.247279
0.129374
0.0693532
0.0364303
0.0183669
0.00893629
0.00427103
0.00206995
0.00107536
0.000651066
0.000497553
0.000482304
0.000538523
0.000640218
-0.449759
0.246837
0.129116
0.0691981
0.0365316
0.0185695
0.00908577
0.00431779
0.00202566
0.000966601
0.000497553
0.000306022
0.000248309
0.000256545
0.000302138
-0.451859
0.246428
0.129313
0.0692485
0.0368188
0.0190189
0.00949391
0.00459308
0.00216979
0.00101436
0.000482304
0.000248309
0.000155894
0.000130688
0.000140695
-0.457816
0.246622
0.131332
0.0702679
0.0373961
0.0195535
0.00997691
0.00495902
0.00240545
0.00114401
0.000538523
0.000256545
0.000130688
7.83204e-05
6.29961e-05
-0.476616
0.249363
0.137164
0.074384
0.0398012
0.0209716
0.010854
0.00550829
0.00273964
0.00133625
0.000640218
0.000302138
0.000140695
6.29961e-05
2.64031e-05
