Mat Object: (p_) 1 MPI process
  type: seqaij
row 0: (0, 1.28495)  (218, -0.59744)  (278, -0.319979)  (279, -0.367532) 
row 1: (1, 0.985916)  (246, -0.472343)  (278, -0.271323)  (283, -0.24225) 
row 2: (2, 0.582277)  (257, -0.293066)  (295, -0.0544328)  (312, -0.234778) 
row 3: (3, 0.955603)  (234, -0.484646)  (312, -0.118921)  (331, -0.352036) 
row 4: (4, 0.955604)  (275, -0.484647)  (348, -0.352036)  (366, -0.118921) 
row 5: (5, 0.582278)  (277, -0.293066)  (366, -0.234778)  (382, -0.0544328) 
row 6: (6, 0.985917)  (276, -0.472344)  (398, -0.24225)  (414, -0.271323) 
row 7: (7, 1.29624)  (19, -0.59744)  (409, -0.37882)  (410, -0.319979) 
row 8: (8, 0.985916)  (17, -0.472343)  (410, -0.271323)  (411, -0.24225) 
row 9: (9, 1.28318)  (274, -0.597441)  (414, -0.319979)  (429, -0.365758) 
row 10: (10, 0.582276)  (16, -0.293066)  (425, -0.0544325)  (441, -0.234778) 
row 11: (11, 0.955603)  (18, -0.484646)  (441, -0.118921)  (459, -0.352036) 
row 12: (12, 0.955603)  (227, -0.484646)  (514, -0.352036)  (515, -0.118921) 
row 13: (13, 0.582276)  (253, -0.293066)  (515, -0.234778)  (516, -0.0544325) 
row 14: (14, 0.985916)  (241, -0.472343)  (532, -0.24225)  (543, -0.271323) 
row 15: (15, 1.28261)  (210, -0.597441)  (542, -0.365195)  (543, -0.319979) 
row 16: (10, -0.293066)  (16, 0.506324)  (17, -0.15931)  (418, -0.0539487) 
row 17: (8, -0.472343)  (16, -0.15931)  (17, 0.699069)  (18, -0.0674165) 
row 18: (11, -0.484646)  (17, -0.0674165)  (18, 0.782051)  (19, -0.229989) 
row 19: (7, -0.59744)  (18, -0.229989)  (19, 0.963386)  (20, -0.135957) 
row 20: (19, -0.135957)  (20, 0.711852)  (21, -0.364013)  (459, -0.211882) 
row 21: (20, -0.364013)  (21, 0.907161)  (22, -0.153205)  (23, -0.389943) 
row 22: (21, -0.153205)  (22, 0.810974)  (24, -0.270096)  (469, -0.387673) 
row 23: (21, -0.389943)  (23, 1.04225)  (25, -0.491343)  (26, -0.160967) 
row 24: (22, -0.270096)  (24, 0.874999)  (26, -0.347626)  (27, -0.257277) 
row 25: (23, -0.491343)  (25, 1.37978)  (28, -0.455289)  (409, -0.433144) 
row 26: (23, -0.160967)  (24, -0.347626)  (26, 0.925549)  (29, -0.416955) 
row 27: (24, -0.257277)  (27, 1.28038)  (30, -0.446511)  (479, -0.576594) 
row 28: (25, -0.455289)  (28, 1.381)  (31, -0.374824)  (32, -0.550885) 
row 29: (26, -0.416955)  (29, 1.31575)  (31, -0.527034)  (33, -0.37176) 
row 30: (27, -0.446511)  (30, 1.70196)  (33, -0.666151)  (34, -0.589298) 
row 31: (28, -0.374824)  (29, -0.527034)  (31, 1.41896)  (35, -0.517099) 
row 32: (28, -0.550885)  (32, 1.6335)  (36, -0.477707)  (401, -0.604909) 
row 33: (29, -0.37176)  (30, -0.666151)  (33, 1.70894)  (37, -0.671024) 
row 34: (30, -0.589298)  (34, 1.98088)  (38, -0.698407)  (489, -0.693179) 
row 35: (31, -0.517099)  (35, 1.56401)  (39, -0.554756)  (40, -0.492152) 
row 36: (32, -0.477707)  (36, 1.58015)  (39, -0.529987)  (41, -0.572456) 
row 37: (33, -0.671024)  (37, 1.87638)  (40, -0.565048)  (42, -0.640303) 
row 38: (34, -0.698407)  (38, 1.97868)  (43, -0.569038)  (44, -0.711239) 
row 39: (35, -0.554756)  (36, -0.529987)  (39, 1.57397)  (45, -0.489232) 
row 40: (35, -0.492152)  (37, -0.565048)  (40, 1.59784)  (46, -0.540636) 
row 41: (36, -0.572456)  (41, 1.7336)  (47, -0.480839)  (393, -0.68031) 
row 42: (37, -0.640303)  (42, 1.91277)  (44, -0.694348)  (48, -0.578124) 
row 43: (38, -0.569038)  (43, 1.79778)  (49, -0.490956)  (499, -0.737783) 
row 44: (38, -0.711239)  (42, -0.694348)  (44, 1.88188)  (50, -0.476297) 
row 45: (39, -0.489232)  (45, 1.48951)  (51, -0.533786)  (52, -0.46649) 
row 46: (40, -0.540636)  (46, 1.68973)  (51, -0.581101)  (53, -0.567996) 
row 47: (41, -0.480839)  (47, 1.46318)  (52, -0.494822)  (54, -0.487518) 
row 48: (42, -0.578124)  (48, 1.68658)  (53, -0.583824)  (55, -0.524627) 
row 49: (43, -0.490956)  (49, 1.70989)  (56, -0.615623)  (57, -0.603315) 
row 50: (44, -0.476297)  (50, 1.23788)  (57, -0.380997)  (58, -0.380585) 
row 51: (45, -0.533786)  (46, -0.581101)  (51, 1.593)  (59, -0.478117) 
row 52: (45, -0.46649)  (47, -0.494822)  (52, 1.42908)  (60, -0.467764) 
row 53: (46, -0.567996)  (48, -0.583824)  (53, 1.64361)  (61, -0.491786) 
row 54: (47, -0.487518)  (54, 1.64609)  (62, -0.454315)  (385, -0.704255) 
row 55: (48, -0.524627)  (55, 1.73838)  (58, -0.604181)  (63, -0.609577) 
row 56: (49, -0.615623)  (56, 1.81622)  (64, -0.486197)  (509, -0.714403) 
row 57: (49, -0.603315)  (50, -0.380997)  (57, 1.39643)  (65, -0.412117) 
row 58: (50, -0.380585)  (55, -0.604181)  (58, 1.45068)  (66, -0.465911) 
row 59: (51, -0.478117)  (59, 1.81118)  (67, -0.626368)  (68, -0.706698) 
row 60: (52, -0.467764)  (60, 1.22166)  (67, -0.415063)  (69, -0.338834) 
row 61: (53, -0.491786)  (61, 1.6447)  (68, -0.543309)  (70, -0.609602) 
row 62: (54, -0.454315)  (62, 1.44888)  (69, -0.543134)  (71, -0.451432) 
row 63: (55, -0.609577)  (63, 1.62382)  (70, -0.464678)  (72, -0.549562) 
row 64: (56, -0.486197)  (64, 1.32056)  (73, -0.486279)  (74, -0.348086) 
row 65: (57, -0.412117)  (65, 1.10292)  (66, -0.259359)  (75, -0.431448) 
row 66: (58, -0.465911)  (65, -0.259359)  (66, 1.18109)  (76, -0.455819) 
row 67: (59, -0.626368)  (60, -0.415063)  (67, 1.44148)  (77, -0.400054) 
row 68: (59, -0.706698)  (61, -0.543309)  (68, 1.84957)  (78, -0.599559) 
row 69: (60, -0.338834)  (62, -0.543134)  (69, 1.26022)  (79, -0.378255) 
row 70: (61, -0.609602)  (63, -0.464678)  (70, 1.45724)  (80, -0.382957) 
row 71: (62, -0.451432)  (71, 1.66056)  (81, -0.495383)  (377, -0.713745) 
row 72: (63, -0.549562)  (72, 1.6827)  (82, -0.42723)  (83, -0.70591) 
row 73: (64, -0.486279)  (73, 1.31426)  (75, -0.525507)  (84, -0.302471) 
row 74: (64, -0.348086)  (74, 1.36618)  (85, -0.351559)  (519, -0.666531) 
row 75: (65, -0.431448)  (73, -0.525507)  (75, 1.30937)  (86, -0.352416) 
row 76: (66, -0.455819)  (76, 1.59716)  (83, -0.715635)  (86, -0.425709) 
row 77: (67, -0.400054)  (77, 1.67554)  (79, -0.513768)  (87, -0.761718) 
row 78: (68, -0.599559)  (78, 1.76366)  (88, -0.5414)  (89, -0.622701) 
row 79: (69, -0.378255)  (77, -0.513768)  (79, 1.41142)  (90, -0.519393) 
row 80: (70, -0.382957)  (80, 1.71432)  (82, -0.617107)  (88, -0.714258) 
row 81: (71, -0.495383)  (81, 1.53727)  (90, -0.576866)  (91, -0.465019) 
row 82: (72, -0.42723)  (80, -0.617107)  (82, 1.7856)  (92, -0.741263) 
row 83: (72, -0.70591)  (76, -0.715635)  (83, 2.19021)  (93, -0.768659) 
row 84: (73, -0.302471)  (84, 1.41277)  (85, -0.466397)  (94, -0.643903) 
row 85: (74, -0.351559)  (84, -0.466397)  (85, 1.30988)  (95, -0.491923) 
row 86: (75, -0.352416)  (76, -0.425709)  (86, 1.42384)  (96, -0.645717) 
row 87: (77, -0.761718)  (87, 1.67557)  (89, -0.528833)  (97, -0.385014) 
row 88: (78, -0.5414)  (80, -0.714258)  (88, 1.8313)  (98, -0.575637) 
row 89: (78, -0.622701)  (87, -0.528833)  (89, 1.49566)  (99, -0.344124) 
row 90: (79, -0.519393)  (81, -0.576866)  (90, 1.68514)  (100, -0.58888) 
row 91: (81, -0.465019)  (91, 1.64489)  (101, -0.471871)  (369, -0.708001) 
row 92: (82, -0.741263)  (92, 2.16488)  (102, -0.718974)  (103, -0.704646) 
row 93: (83, -0.768659)  (93, 2.13613)  (102, -0.572804)  (104, -0.794665) 
row 94: (84, -0.643903)  (94, 1.44621)  (96, -0.311561)  (105, -0.490751) 
row 95: (85, -0.491923)  (95, 1.81516)  (106, -0.660609)  (527, -0.662627) 
row 96: (86, -0.645717)  (94, -0.311561)  (96, 1.54325)  (107, -0.585973) 
row 97: (87, -0.385014)  (97, 1.43014)  (108, -0.43628)  (109, -0.608845) 
row 98: (88, -0.575637)  (98, 1.51461)  (110, -0.417712)  (111, -0.521266) 
row 99: (89, -0.344124)  (99, 1.32787)  (108, -0.411996)  (110, -0.571752) 
row 100: (90, -0.58888)  (100, 1.77852)  (109, -0.770702)  (112, -0.418941) 
row 101: (91, -0.471871)  (101, 1.50483)  (112, -0.617219)  (113, -0.41574) 
row 102: (92, -0.718974)  (93, -0.572804)  (102, 1.95564)  (114, -0.663861) 
row 103: (92, -0.704646)  (103, 2.10649)  (111, -0.79268)  (115, -0.609167) 
row 104: (93, -0.794665)  (104, 2.06317)  (107, -0.611588)  (116, -0.656914) 
row 105: (94, -0.490751)  (105, 1.83867)  (117, -0.567209)  (118, -0.780706) 
row 106: (95, -0.660609)  (106, 1.42154)  (118, -0.412545)  (119, -0.348391) 
row 107: (96, -0.585973)  (104, -0.611588)  (107, 1.61043)  (117, -0.412867) 
row 108: (97, -0.43628)  (99, -0.411996)  (108, 1.31322)  (120, -0.464946) 
row 109: (97, -0.608845)  (100, -0.770702)  (109, 1.83202)  (121, -0.452473) 
row 110: (98, -0.417712)  (99, -0.571752)  (110, 1.31729)  (122, -0.327827) 
row 111: (98, -0.521266)  (103, -0.79268)  (111, 1.75199)  (123, -0.438045) 
row 112: (100, -0.418941)  (101, -0.617219)  (112, 1.45205)  (124, -0.415892) 
row 113: (101, -0.41574)  (113, 1.47228)  (125, -0.392861)  (360, -0.663684) 
row 114: (102, -0.663861)  (114, 1.89115)  (126, -0.632586)  (127, -0.594704) 
row 115: (103, -0.609167)  (115, 1.93874)  (127, -0.663515)  (128, -0.666056) 
row 116: (104, -0.656914)  (116, 1.74268)  (126, -0.519454)  (129, -0.566314) 
row 117: (105, -0.567209)  (107, -0.412867)  (117, 1.79239)  (130, -0.812313) 
row 118: (105, -0.780706)  (106, -0.412545)  (118, 1.78404)  (131, -0.590786) 
row 119: (106, -0.348391)  (119, 1.47858)  (132, -0.540201)  (535, -0.589991) 
row 120: (108, -0.464946)  (120, 1.5876)  (133, -0.597294)  (134, -0.52536) 
row 121: (109, -0.452473)  (121, 1.51729)  (133, -0.566738)  (135, -0.498078) 
row 122: (110, -0.327827)  (122, 1.63208)  (123, -0.621428)  (134, -0.682823) 
row 123: (111, -0.438045)  (122, -0.621428)  (123, 1.73361)  (136, -0.674141) 
row 124: (112, -0.415892)  (124, 1.36627)  (135, -0.557162)  (137, -0.393222) 
row 125: (113, -0.392861)  (125, 1.26969)  (137, -0.51832)  (138, -0.358512) 
row 126: (114, -0.632586)  (116, -0.519454)  (126, 1.74471)  (139, -0.592669) 
row 127: (114, -0.594704)  (115, -0.663515)  (127, 1.86366)  (140, -0.605438) 
row 128: (115, -0.666056)  (128, 1.87102)  (136, -0.617592)  (141, -0.58737) 
row 129: (116, -0.566314)  (129, 1.31427)  (130, -0.299903)  (142, -0.448052) 
row 130: (117, -0.812313)  (129, -0.299903)  (130, 1.72934)  (143, -0.617127) 
row 131: (118, -0.590786)  (131, 1.51189)  (132, -0.241044)  (144, -0.680061) 
row 132: (119, -0.540201)  (131, -0.241044)  (132, 1.32373)  (145, -0.54248) 
row 133: (120, -0.597294)  (121, -0.566738)  (133, 1.66317)  (146, -0.499135) 
row 134: (120, -0.52536)  (122, -0.682823)  (134, 1.84438)  (147, -0.636201) 
row 135: (121, -0.498078)  (124, -0.557162)  (135, 1.48878)  (148, -0.433539) 
row 136: (123, -0.674141)  (128, -0.617592)  (136, 2.07928)  (149, -0.787545) 
row 137: (124, -0.393222)  (125, -0.51832)  (137, 1.27988)  (150, -0.368334) 
row 138: (125, -0.358512)  (138, 1.25995)  (151, -0.330777)  (351, -0.570661) 
row 139: (126, -0.592669)  (139, 1.67015)  (152, -0.518095)  (153, -0.559383) 
row 140: (127, -0.605438)  (140, 1.79702)  (152, -0.598706)  (154, -0.592873) 
row 141: (128, -0.58737)  (141, 1.80417)  (154, -0.575363)  (155, -0.641439) 
row 142: (129, -0.448052)  (142, 1.33047)  (153, -0.432294)  (156, -0.450129) 
row 143: (130, -0.617127)  (143, 1.62897)  (156, -0.307702)  (157, -0.704143) 
row 144: (131, -0.680061)  (144, 1.57411)  (157, -0.508126)  (158, -0.38592) 
row 145: (132, -0.54248)  (145, 1.20047)  (159, -0.287538)  (160, -0.370447) 
row 146: (133, -0.499135)  (146, 1.69787)  (161, -0.601681)  (162, -0.597056) 
row 147: (134, -0.636201)  (147, 1.97236)  (161, -0.605746)  (163, -0.730417) 
row 148: (135, -0.433539)  (148, 1.37318)  (162, -0.528823)  (164, -0.41082) 
row 149: (136, -0.787545)  (149, 2.19686)  (163, -0.816908)  (165, -0.592408) 
row 150: (137, -0.368334)  (150, 1.1448)  (164, -0.464079)  (166, -0.312391) 
row 151: (138, -0.330777)  (151, 1.05706)  (166, -0.423536)  (167, -0.302746) 
row 152: (139, -0.518095)  (140, -0.598706)  (152, 1.67245)  (168, -0.555647) 
row 153: (139, -0.559383)  (142, -0.432294)  (153, 1.53504)  (169, -0.543365) 
row 154: (140, -0.592873)  (141, -0.575363)  (154, 1.71152)  (170, -0.543283) 
row 155: (141, -0.641439)  (155, 1.82249)  (165, -0.648095)  (171, -0.532956) 
row 156: (142, -0.450129)  (143, -0.307702)  (156, 1.28048)  (172, -0.522646) 
row 157: (143, -0.704143)  (144, -0.508126)  (157, 1.67834)  (173, -0.466074) 
row 158: (144, -0.38592)  (158, 1.09844)  (159, -0.313902)  (174, -0.398616) 
row 159: (145, -0.287538)  (158, -0.313902)  (159, 0.848699)  (175, -0.247259) 
row 160: (145, -0.370447)  (160, 0.957764)  (176, -0.17692)  (542, -0.410396) 
row 161: (146, -0.601681)  (147, -0.605746)  (161, 1.71219)  (177, -0.504759) 
row 162: (146, -0.597056)  (148, -0.528823)  (162, 1.61432)  (178, -0.48844) 
row 163: (147, -0.730417)  (149, -0.816908)  (163, 2.15605)  (179, -0.608722) 
row 164: (148, -0.41082)  (150, -0.464079)  (164, 1.23529)  (180, -0.360388) 
row 165: (149, -0.592408)  (155, -0.648095)  (165, 1.8686)  (181, -0.628093) 
row 166: (150, -0.312391)  (151, -0.423536)  (166, 1.05614)  (182, -0.320214) 
row 167: (151, -0.302746)  (167, 0.97675)  (183, -0.241902)  (341, -0.432101) 
row 168: (152, -0.555647)  (168, 1.61407)  (184, -0.561835)  (185, -0.496584) 
row 169: (153, -0.543365)  (169, 1.50094)  (184, -0.413572)  (186, -0.544001) 
row 170: (154, -0.543283)  (170, 1.68364)  (185, -0.545443)  (187, -0.594914) 
row 171: (155, -0.532956)  (171, 1.67566)  (187, -0.538996)  (188, -0.603706) 
row 172: (156, -0.522646)  (172, 1.64836)  (186, -0.460023)  (189, -0.665693) 
row 173: (157, -0.466074)  (173, 1.22289)  (189, -0.332076)  (190, -0.424739) 
row 174: (158, -0.398616)  (174, 0.882849)  (190, -0.20905)  (191, -0.275183) 
row 175: (159, -0.247259)  (175, 0.979255)  (176, -0.294276)  (192, -0.43772) 
row 176: (160, -0.17692)  (175, -0.294276)  (176, 0.854386)  (193, -0.38319) 
row 177: (161, -0.504759)  (177, 1.59842)  (194, -0.563908)  (195, -0.529755) 
row 178: (162, -0.48844)  (178, 1.6217)  (195, -0.580668)  (196, -0.552592) 
row 179: (163, -0.608722)  (179, 1.73882)  (194, -0.600651)  (197, -0.529451) 
row 180: (164, -0.360388)  (180, 1.14287)  (196, -0.450153)  (198, -0.33233) 
row 181: (165, -0.628093)  (181, 1.92977)  (197, -0.722018)  (199, -0.57966) 
row 182: (166, -0.320214)  (182, 0.834285)  (198, -0.32005)  (200, -0.194021) 
row 183: (167, -0.241902)  (183, 1.04548)  (200, -0.448273)  (201, -0.355301) 
row 184: (168, -0.561835)  (169, -0.413572)  (184, 1.44748)  (202, -0.472074) 
row 185: (168, -0.496584)  (170, -0.545443)  (185, 1.53855)  (203, -0.496526) 
row 186: (169, -0.544001)  (172, -0.460023)  (186, 1.56679)  (204, -0.562761) 
row 187: (170, -0.594914)  (171, -0.538996)  (187, 1.60436)  (205, -0.47045) 
row 188: (171, -0.603706)  (188, 1.41922)  (199, -0.399254)  (206, -0.416263) 
row 189: (172, -0.665693)  (173, -0.332076)  (189, 1.63386)  (207, -0.636086) 
row 190: (173, -0.424739)  (174, -0.20905)  (190, 0.990076)  (208, -0.356288) 
row 191: (174, -0.275183)  (191, 0.782319)  (192, -0.219044)  (209, -0.288092) 
row 192: (175, -0.43772)  (191, -0.219044)  (192, 1.06631)  (504, -0.409549) 
row 193: (176, -0.38319)  (193, 0.728063)  (210, -0.134444)  (514, -0.210429) 
row 194: (177, -0.563908)  (179, -0.600651)  (194, 1.69274)  (211, -0.528177) 
row 195: (177, -0.529755)  (178, -0.580668)  (195, 1.56409)  (212, -0.453666) 
row 196: (178, -0.552592)  (180, -0.450153)  (196, 1.46782)  (213, -0.465071) 
row 197: (179, -0.529451)  (181, -0.722018)  (197, 1.86922)  (214, -0.617751) 
row 198: (180, -0.33233)  (182, -0.32005)  (198, 0.910685)  (215, -0.258305) 
row 199: (181, -0.57966)  (188, -0.399254)  (199, 1.48241)  (216, -0.503498) 
row 200: (182, -0.194021)  (183, -0.448273)  (200, 0.991728)  (217, -0.349434) 
row 201: (183, -0.355301)  (201, 0.717965)  (218, -0.143519)  (331, -0.219144) 
row 202: (184, -0.472074)  (202, 1.50825)  (219, -0.575921)  (220, -0.460259) 
row 203: (185, -0.496526)  (203, 1.60992)  (220, -0.59461)  (221, -0.518782) 
row 204: (186, -0.562761)  (204, 1.37466)  (219, -0.281322)  (222, -0.530576) 
row 205: (187, -0.47045)  (205, 1.78151)  (221, -0.69135)  (223, -0.619709) 
row 206: (188, -0.416263)  (206, 1.2943)  (223, -0.48936)  (224, -0.388679) 
row 207: (189, -0.636086)  (207, 1.58143)  (225, -0.477551)  (226, -0.467793) 
row 208: (190, -0.356288)  (208, 0.886224)  (209, -0.226501)  (226, -0.303435) 
row 209: (191, -0.288092)  (208, -0.226501)  (209, 1.00899)  (494, -0.494395) 
row 210: (15, -0.597441)  (193, -0.134444)  (210, 0.961873)  (227, -0.229989) 
row 211: (194, -0.528177)  (211, 1.20286)  (228, -0.276388)  (229, -0.398297) 
row 212: (195, -0.453666)  (212, 1.78973)  (228, -0.710066)  (230, -0.626001) 
row 213: (196, -0.465071)  (213, 1.46151)  (230, -0.508587)  (231, -0.48785) 
row 214: (197, -0.617751)  (214, 1.4968)  (229, -0.337093)  (232, -0.541958) 
row 215: (198, -0.258305)  (215, 0.902445)  (217, -0.256503)  (231, -0.387637) 
row 216: (199, -0.503498)  (216, 1.58721)  (224, -0.370042)  (233, -0.713665) 
row 217: (200, -0.349434)  (215, -0.256503)  (217, 1.02103)  (279, -0.415098) 
row 218: (0, -0.59744)  (201, -0.143519)  (218, 0.970949)  (234, -0.229989) 
row 219: (202, -0.575921)  (204, -0.281322)  (219, 1.2299)  (235, -0.372653) 
row 220: (202, -0.460259)  (203, -0.59461)  (220, 1.42547)  (236, -0.370597) 
row 221: (203, -0.518782)  (205, -0.69135)  (221, 1.79569)  (237, -0.585555) 
row 222: (204, -0.530576)  (222, 1.40111)  (225, -0.588407)  (238, -0.282129) 
row 223: (205, -0.619709)  (206, -0.48936)  (223, 1.65513)  (239, -0.546065) 
row 224: (206, -0.388679)  (216, -0.370042)  (224, 1.3311)  (240, -0.572379) 
row 225: (207, -0.477551)  (222, -0.588407)  (225, 1.77011)  (475, -0.704157) 
row 226: (207, -0.467793)  (208, -0.303435)  (226, 1.41621)  (484, -0.64498) 
row 227: (12, -0.484646)  (210, -0.229989)  (227, 0.782052)  (241, -0.0674168) 
row 228: (211, -0.276388)  (212, -0.710066)  (228, 1.58942)  (242, -0.602965) 
row 229: (211, -0.398297)  (214, -0.337093)  (229, 1.11931)  (243, -0.383916) 
row 230: (212, -0.626001)  (213, -0.508587)  (230, 1.8219)  (287, -0.687313) 
row 231: (213, -0.48785)  (215, -0.387637)  (231, 1.45683)  (282, -0.581343) 
row 232: (214, -0.541958)  (232, 1.27121)  (233, -0.321927)  (244, -0.407322) 
row 233: (216, -0.713665)  (232, -0.321927)  (233, 1.50039)  (245, -0.464799) 
row 234: (3, -0.484646)  (218, -0.229989)  (234, 0.782052)  (246, -0.0674165) 
row 235: (219, -0.372653)  (235, 1.24156)  (238, -0.488021)  (247, -0.380885) 
row 236: (220, -0.370597)  (236, 1.84567)  (247, -0.762529)  (248, -0.712542) 
row 237: (221, -0.585555)  (237, 1.44022)  (248, -0.387764)  (249, -0.466897) 
row 238: (222, -0.282129)  (235, -0.488021)  (238, 1.44277)  (465, -0.672622) 
row 239: (223, -0.546065)  (239, 1.6263)  (250, -0.627521)  (251, -0.452718) 
row 240: (224, -0.572379)  (240, 1.23538)  (251, -0.302942)  (252, -0.360062) 
row 241: (14, -0.472343)  (227, -0.0674168)  (241, 0.69907)  (253, -0.15931) 
row 242: (228, -0.602965)  (242, 1.46968)  (243, -0.220013)  (294, -0.646698) 
row 243: (229, -0.383916)  (242, -0.220013)  (243, 1.09783)  (254, -0.493903) 
row 244: (232, -0.407322)  (244, 1.0675)  (254, -0.316731)  (255, -0.343449) 
row 245: (233, -0.464799)  (245, 1.32689)  (255, -0.37021)  (256, -0.491883) 
row 246: (1, -0.472343)  (234, -0.0674165)  (246, 0.69907)  (257, -0.15931) 
row 247: (235, -0.380885)  (236, -0.762529)  (247, 1.83162)  (455, -0.688208) 
row 248: (236, -0.712542)  (237, -0.387764)  (248, 1.58687)  (258, -0.486559) 
row 249: (237, -0.466897)  (249, 1.34489)  (250, -0.533092)  (259, -0.344904) 
row 250: (239, -0.627521)  (249, -0.533092)  (250, 1.53888)  (260, -0.378265) 
row 251: (239, -0.452718)  (240, -0.302942)  (251, 1.15025)  (261, -0.394586) 
row 252: (240, -0.360062)  (252, 1.38777)  (256, -0.63908)  (262, -0.38863) 
row 253: (13, -0.293066)  (241, -0.15931)  (253, 0.506325)  (524, -0.0539489) 
row 254: (243, -0.493903)  (244, -0.316731)  (254, 1.46685)  (302, -0.656215) 
row 255: (244, -0.343449)  (245, -0.37021)  (255, 1.37005)  (310, -0.656395) 
row 256: (245, -0.491883)  (252, -0.63908)  (256, 1.79505)  (319, -0.66409) 
row 257: (2, -0.293066)  (246, -0.15931)  (257, 0.506325)  (288, -0.0539487) 
row 258: (248, -0.486559)  (258, 1.46809)  (259, -0.32807)  (446, -0.653457) 
row 259: (249, -0.344904)  (258, -0.32807)  (259, 1.07497)  (263, -0.402) 
row 260: (250, -0.378265)  (260, 1.04553)  (264, -0.37012)  (265, -0.297149) 
row 261: (251, -0.394586)  (261, 0.886697)  (262, -0.168888)  (266, -0.323223) 
row 262: (252, -0.38863)  (261, -0.168888)  (262, 1.01052)  (267, -0.453007) 
row 263: (259, -0.402)  (263, 1.36089)  (265, -0.397154)  (437, -0.561735) 
row 264: (260, -0.37012)  (264, 0.944988)  (266, -0.378769)  (268, -0.1961) 
row 265: (260, -0.297149)  (263, -0.397154)  (265, 0.90929)  (269, -0.214986) 
row 266: (261, -0.323223)  (264, -0.378769)  (266, 0.966003)  (270, -0.264012) 
row 267: (262, -0.453007)  (267, 1.14451)  (270, -0.181108)  (328, -0.510391) 
row 268: (264, -0.1961)  (268, 0.973625)  (269, -0.359774)  (271, -0.417751) 
row 269: (265, -0.214986)  (268, -0.359774)  (269, 0.982112)  (429, -0.407352) 
row 270: (266, -0.264012)  (267, -0.181108)  (270, 0.801855)  (272, -0.356735) 
row 271: (268, -0.417751)  (271, 1.00829)  (272, -0.228004)  (273, -0.362536) 
row 272: (270, -0.356735)  (271, -0.228004)  (272, 1.00307)  (338, -0.418334) 
row 273: (271, -0.362536)  (273, 0.723084)  (274, -0.142441)  (348, -0.218108) 
row 274: (9, -0.597441)  (273, -0.142441)  (274, 0.969871)  (275, -0.229989) 
row 275: (4, -0.484647)  (274, -0.229989)  (275, 0.782053)  (276, -0.0674169) 
row 276: (6, -0.472344)  (275, -0.0674169)  (276, 0.699071)  (277, -0.15931) 
row 277: (5, -0.293066)  (276, -0.15931)  (277, 0.506326)  (390, -0.053949) 
row 278: (0, -0.319979)  (1, -0.271323)  (278, 1.55576)  (280, -0.576388)  (281, -0.388069) 
row 279: (0, -0.367532)  (217, -0.415098)  (279, 1.97511)  (281, -0.662094)  (282, -0.530389) 
row 280: (278, -0.576388)  (280, 1.75515)  (283, -0.266027)  (284, -0.657665)  (285, -0.255072) 
row 281: (278, -0.388069)  (279, -0.662094)  (281, 2.19425)  (285, -0.753848)  (286, -0.390235) 
row 282: (231, -0.581343)  (279, -0.530389)  (282, 2.46474)  (286, -0.808633)  (287, -0.544379) 
row 283: (1, -0.24225)  (280, -0.266027)  (283, 1.27427)  (288, -0.279297)  (289, -0.486697) 
row 284: (280, -0.657665)  (284, 1.91839)  (289, -0.164715)  (290, -0.940386)  (291, -0.155623) 
row 285: (280, -0.255072)  (281, -0.753848)  (285, 1.99699)  (291, -0.740768)  (292, -0.247305) 
row 286: (281, -0.390235)  (282, -0.808633)  (286, 2.41464)  (292, -0.830549)  (293, -0.385222) 
row 287: (230, -0.687313)  (282, -0.544379)  (287, 2.64112)  (293, -0.875294)  (294, -0.53413) 
row 288: (257, -0.0539487)  (283, -0.279297)  (288, 1.00559)  (295, -0.442227)  (296, -0.230122) 
row 289: (283, -0.486697)  (284, -0.164715)  (289, 1.68852)  (296, -0.190378)  (297, -0.846732) 
row 290: (284, -0.940386)  (290, 3.86281)  (297, -0.185525)  (298, -0.17964) 
row 291: (284, -0.155623)  (285, -0.740768)  (291, 2.0284)  (298, -0.979444)  (299, -0.152562) 
row 292: (285, -0.247305)  (286, -0.830549)  (292, 2.09652)  (299, -0.774108)  (300, -0.24456) 
row 293: (286, -0.385222)  (287, -0.875294)  (293, 2.50229)  (300, -0.858213)  (301, -0.383558) 
row 294: (242, -0.646698)  (287, -0.53413)  (294, 2.57386)  (301, -0.872628)  (302, -0.5204) 
row 295: (2, -0.0544328)  (288, -0.442227)  (295, 1.00701)  (303, -0.283448)  (304, -0.226903) 
row 296: (288, -0.230122)  (289, -0.190378)  (296, 1.35493)  (304, -0.318445)  (305, -0.615983) 
row 297: (289, -0.846732)  (290, -0.185525)  (297, 3.81391)  (305, -0.205243) 
row 298: (290, -0.17964)  (291, -0.979444)  (298, 3.86637)  (306, -0.177738) 
row 299: (291, -0.152562)  (292, -0.774108)  (299, 2.07086)  (306, -0.99248)  (307, -0.151707) 
row 300: (292, -0.24456)  (293, -0.858213)  (300, 2.13028)  (307, -0.78361)  (308, -0.243898) 
row 301: (293, -0.383558)  (294, -0.872628)  (301, 2.50498)  (308, -0.865568)  (309, -0.383226) 
row 302: (254, -0.656215)  (294, -0.5204)  (302, 2.57139)  (309, -0.877783)  (310, -0.516989) 
row 303: (295, -0.283448)  (303, 1.36516)  (311, -0.493533)  (312, -0.318493)  (313, -0.269687) 
row 304: (295, -0.226903)  (296, -0.318445)  (304, 1.02722)  (311, -0.188332)  (314, -0.293536) 
row 305: (296, -0.615983)  (297, -0.205243)  (305, 3.38044)  (314, -0.211016) 
row 306: (298, -0.177738)  (299, -0.99248)  (306, 3.86847)  (315, -0.177258) 
row 307: (299, -0.151707)  (300, -0.78361)  (307, 2.08236)  (315, -0.995485)  (316, -0.151562) 
row 308: (300, -0.243898)  (301, -0.865568)  (308, 2.13876)  (316, -0.785475)  (317, -0.243814) 
row 309: (301, -0.383226)  (302, -0.877783)  (309, 2.51103)  (317, -0.866794)  (318, -0.383226) 
row 310: (255, -0.656395)  (302, -0.516989)  (310, 2.57164)  (318, -0.86708)  (319, -0.53118) 
row 311: (303, -0.493533)  (304, -0.188332)  (311, 1.34769)  (320, -0.50115)  (321, -0.164675) 
row 312: (2, -0.234778)  (3, -0.118921)  (303, -0.318493)  (312, 1.05234)  (322, -0.380149) 
row 313: (303, -0.269687)  (313, 1.77489)  (321, -0.657597)  (322, -0.592535)  (323, -0.255072) 
row 314: (304, -0.293536)  (305, -0.211016)  (314, 0.561903)  (320, -0.0573512) 
row 315: (306, -0.177258)  (307, -0.995485)  (315, 3.87006)  (324, -0.177203) 
row 316: (307, -0.151562)  (308, -0.785475)  (316, 2.08453)  (324, -0.995942)  (325, -0.151556) 
row 317: (308, -0.243814)  (309, -0.866794)  (317, 2.14013)  (325, -0.785704)  (326, -0.243814) 
row 318: (309, -0.383226)  (310, -0.86708)  (318, 2.49943)  (326, -0.865568)  (327, -0.383558) 
row 319: (256, -0.66409)  (310, -0.53118)  (319, 2.60504)  (327, -0.876024)  (328, -0.533751) 
row 320: (311, -0.50115)  (314, -0.0573512)  (320, 0.625113)  (329, -0.0666117) 
row 321: (311, -0.164675)  (313, -0.657597)  (321, 1.54299)  (329, -0.56512)  (330, -0.155602) 
row 322: (312, -0.380149)  (313, -0.592535)  (322, 1.80367)  (331, -0.432161)  (332, -0.398828) 
row 323: (313, -0.255072)  (323, 1.99697)  (330, -0.740749)  (332, -0.753848)  (333, -0.247305) 
row 324: (315, -0.177203)  (316, -0.995942)  (324, 3.87059)  (334, -0.177206) 
row 325: (316, -0.151556)  (317, -0.785704)  (325, 2.0848)  (334, -0.995985)  (335, -0.151556) 
row 326: (317, -0.243814)  (318, -0.865568)  (326, 2.13876)  (335, -0.785475)  (336, -0.243898) 
row 327: (318, -0.383558)  (319, -0.876024)  (327, 2.50302)  (336, -0.858213)  (337, -0.385222) 
row 328: (267, -0.510391)  (319, -0.533751)  (328, 2.36253)  (337, -0.792406)  (338, -0.52598) 
row 329: (320, -0.0666117)  (321, -0.56512)  (329, 0.69777)  (339, -0.0660388) 
row 330: (321, -0.155602)  (323, -0.740749)  (330, 1.6417)  (339, -0.592792)  (340, -0.152558) 
row 331: (3, -0.352036)  (201, -0.219144)  (322, -0.432161)  (331, 1.52083)  (341, -0.517492) 
row 332: (322, -0.398828)  (323, -0.753848)  (332, 2.21173)  (341, -0.668823)  (342, -0.390235) 
row 333: (323, -0.247305)  (333, 2.09652)  (340, -0.774106)  (342, -0.830549)  (343, -0.24456) 
row 334: (324, -0.177206)  (325, -0.995985)  (334, 3.87068)  (344, -0.177206) 
row 335: (325, -0.151556)  (326, -0.785475)  (335, 2.08453)  (344, -0.995942)  (345, -0.151562) 
row 336: (326, -0.243898)  (327, -0.858213)  (336, 2.13028)  (345, -0.78361)  (346, -0.24456) 
row 337: (327, -0.385222)  (328, -0.792406)  (337, 2.39841)  (346, -0.830549)  (347, -0.390235) 
row 338: (272, -0.418334)  (328, -0.52598)  (338, 2.13312)  (347, -0.670168)  (348, -0.51864) 
row 339: (329, -0.0660388)  (330, -0.592792)  (339, 0.724909)  (349, -0.0660774) 
row 340: (330, -0.152558)  (333, -0.774106)  (340, 1.68028)  (349, -0.601907)  (350, -0.151706) 
row 341: (167, -0.432101)  (331, -0.517492)  (332, -0.668823)  (341, 2.14772)  (351, -0.529306) 
row 342: (332, -0.390235)  (333, -0.830549)  (342, 2.40489)  (351, -0.798882)  (352, -0.385222) 
row 343: (333, -0.24456)  (343, 2.13028)  (350, -0.78361)  (352, -0.858213)  (353, -0.243898) 
row 344: (334, -0.177206)  (335, -0.995942)  (344, 3.87059)  (354, -0.177203) 
row 345: (335, -0.151562)  (336, -0.78361)  (345, 2.08236)  (354, -0.995485)  (355, -0.151707) 
row 346: (336, -0.24456)  (337, -0.830549)  (346, 2.09652)  (355, -0.774108)  (356, -0.247305) 
row 347: (337, -0.390235)  (338, -0.670168)  (347, 2.21308)  (356, -0.753848)  (357, -0.398828) 
row 348: (4, -0.352036)  (273, -0.218108)  (338, -0.51864)  (348, 1.52094)  (357, -0.432161) 
row 349: (339, -0.0660774)  (340, -0.601907)  (349, 0.734089)  (358, -0.066105) 
row 350: (340, -0.151706)  (343, -0.78361)  (350, 1.69081)  (358, -0.603934)  (359, -0.151562) 
row 351: (138, -0.570661)  (341, -0.529306)  (342, -0.798882)  (351, 2.42586)  (360, -0.527015) 
row 352: (342, -0.385222)  (343, -0.858213)  (352, 2.48534)  (360, -0.858346)  (361, -0.383558) 
row 353: (343, -0.243898)  (353, 2.13876)  (359, -0.785475)  (361, -0.865568)  (362, -0.243814) 
row 354: (344, -0.177203)  (345, -0.995485)  (354, 3.87006)  (363, -0.177258) 
row 355: (345, -0.151707)  (346, -0.774108)  (355, 2.07086)  (363, -0.99248)  (364, -0.152562) 
row 356: (346, -0.247305)  (347, -0.753848)  (356, 1.99699)  (364, -0.740768)  (365, -0.255072) 
row 357: (347, -0.398828)  (348, -0.432161)  (357, 1.80367)  (365, -0.592535)  (366, -0.380149) 
row 358: (349, -0.066105)  (350, -0.603934)  (358, 0.736154)  (367, -0.066115) 
row 359: (350, -0.151562)  (353, -0.785475)  (359, 1.69283)  (367, -0.604235)  (368, -0.151556) 
row 360: (113, -0.663684)  (351, -0.527015)  (352, -0.858346)  (360, 2.57857)  (369, -0.52953) 
row 361: (352, -0.383558)  (353, -0.865568)  (361, 2.51489)  (369, -0.882542)  (370, -0.383226) 
row 362: (353, -0.243814)  (362, 2.14013)  (368, -0.785704)  (370, -0.866794)  (371, -0.243814) 
row 363: (354, -0.177258)  (355, -0.99248)  (363, 3.86847)  (372, -0.177738) 
row 364: (355, -0.152562)  (356, -0.740768)  (364, 2.0284)  (372, -0.979444)  (373, -0.155623) 
row 365: (356, -0.255072)  (357, -0.592535)  (365, 1.77496)  (373, -0.657665)  (374, -0.269687) 
row 366: (4, -0.118921)  (5, -0.234778)  (357, -0.380149)  (366, 1.05234)  (374, -0.318493) 
row 367: (358, -0.066115)  (359, -0.604235)  (367, 0.736467)  (375, -0.0661172) 
row 368: (359, -0.151556)  (362, -0.785704)  (368, 1.69308)  (375, -0.604264)  (376, -0.151556) 
row 369: (91, -0.708001)  (360, -0.52953)  (361, -0.882542)  (369, 2.65194)  (377, -0.531864) 
row 370: (361, -0.383226)  (362, -0.866794)  (370, 2.51981)  (377, -0.886568)  (378, -0.383226) 
row 371: (362, -0.243814)  (371, 2.13876)  (376, -0.785475)  (378, -0.865568)  (379, -0.243898) 
row 372: (363, -0.177738)  (364, -0.979444)  (372, 3.86637)  (380, -0.17964) 
row 373: (364, -0.155623)  (365, -0.657665)  (373, 1.91839)  (380, -0.940387)  (381, -0.164715) 
row 374: (365, -0.269687)  (366, -0.318493)  (374, 1.36523)  (381, -0.493597)  (382, -0.283448) 
row 375: (367, -0.0661172)  (368, -0.604264)  (375, 0.736498)  (383, -0.0661172) 
row 376: (368, -0.151556)  (371, -0.785475)  (376, 1.69283)  (383, -0.604235)  (384, -0.151562) 
row 377: (71, -0.713745)  (369, -0.531864)  (370, -0.886568)  (377, 2.66415)  (385, -0.531971) 
row 378: (370, -0.383226)  (371, -0.865568)  (378, 2.51507)  (385, -0.882716)  (386, -0.383558) 
row 379: (371, -0.243898)  (379, 2.13028)  (384, -0.78361)  (386, -0.858213)  (387, -0.24456) 
row 380: (372, -0.17964)  (373, -0.940387)  (380, 3.86281)  (388, -0.185525) 
row 381: (373, -0.164715)  (374, -0.493597)  (381, 1.69598)  (388, -0.846736)  (389, -0.190932) 
row 382: (5, -0.0544328)  (374, -0.283448)  (382, 1.01077)  (389, -0.230664)  (390, -0.442227) 
row 383: (375, -0.0661172)  (376, -0.604235)  (383, 0.736467)  (391, -0.066115) 
row 384: (376, -0.151562)  (379, -0.78361)  (384, 1.69081)  (391, -0.603934)  (392, -0.151706) 
row 385: (54, -0.704255)  (377, -0.531971)  (378, -0.882716)  (385, 2.65609)  (393, -0.537145) 
row 386: (378, -0.383558)  (379, -0.858213)  (386, 2.49724)  (393, -0.870246)  (394, -0.385222) 
row 387: (379, -0.24456)  (387, 2.09652)  (392, -0.774106)  (394, -0.830549)  (395, -0.247305) 
row 388: (380, -0.185525)  (381, -0.846736)  (388, 3.81467)  (396, -0.205989) 
row 389: (381, -0.190932)  (382, -0.230664)  (389, 1.3661)  (396, -0.62043)  (397, -0.324071) 
row 390: (277, -0.053949)  (382, -0.442227)  (390, 1.00641)  (397, -0.230933)  (398, -0.279297) 
row 391: (383, -0.066115)  (384, -0.603934)  (391, 0.736154)  (399, -0.066105) 
row 392: (384, -0.151706)  (387, -0.774106)  (392, 1.68028)  (399, -0.601907)  (400, -0.152558) 
row 393: (41, -0.68031)  (385, -0.537145)  (386, -0.870246)  (393, 2.63325)  (401, -0.545552) 
row 394: (386, -0.385222)  (387, -0.830549)  (394, 2.42102)  (401, -0.815012)  (402, -0.390235) 
row 395: (387, -0.247305)  (395, 1.99697)  (400, -0.740749)  (402, -0.753848)  (403, -0.255072) 
row 396: (388, -0.205989)  (389, -0.62043)  (396, 3.54898)  (404, -0.356063) 
row 397: (389, -0.324071)  (390, -0.230933)  (397, 1.36637)  (404, -0.62043)  (405, -0.190932) 
row 398: (6, -0.24225)  (390, -0.279297)  (398, 1.27427)  (405, -0.486697)  (406, -0.266027) 
row 399: (391, -0.066105)  (392, -0.601907)  (399, 0.734089)  (407, -0.0660774) 
row 400: (392, -0.152558)  (395, -0.740749)  (400, 1.6417)  (407, -0.592792)  (408, -0.155602) 
row 401: (32, -0.604909)  (393, -0.545552)  (394, -0.815012)  (401, 2.51185)  (409, -0.546381) 
row 402: (394, -0.390235)  (395, -0.753848)  (402, 2.20816)  (409, -0.67601)  (410, -0.388069) 
row 403: (395, -0.255072)  (403, 1.75508)  (408, -0.657597)  (410, -0.576388)  (411, -0.266027) 
row 404: (396, -0.356063)  (397, -0.62043)  (404, 3.54898)  (412, -0.205989) 
row 405: (397, -0.190932)  (398, -0.486697)  (405, 1.68908)  (412, -0.846736)  (413, -0.164715) 
row 406: (398, -0.266027)  (406, 1.75515)  (413, -0.657665)  (414, -0.576388)  (415, -0.255072) 
row 407: (399, -0.0660774)  (400, -0.592792)  (407, 0.724908)  (416, -0.0660388) 
row 408: (400, -0.155602)  (403, -0.657597)  (408, 1.54301)  (416, -0.56512)  (417, -0.164691) 
row 409: (7, -0.37882)  (25, -0.433144)  (401, -0.546381)  (402, -0.67601)  (409, 2.03436) 
row 410: (7, -0.319979)  (8, -0.271323)  (402, -0.388069)  (403, -0.576388)  (410, 1.55576) 
row 411: (8, -0.24225)  (403, -0.266027)  (411, 1.27425)  (417, -0.48668)  (418, -0.279297) 
row 412: (404, -0.205989)  (405, -0.846736)  (412, 3.81467)  (419, -0.185525) 
row 413: (405, -0.164715)  (406, -0.657665)  (413, 1.91839)  (419, -0.940387)  (420, -0.155623) 
row 414: (6, -0.271323)  (9, -0.319979)  (406, -0.576388)  (414, 1.55576)  (421, -0.388069) 
row 415: (406, -0.255072)  (415, 1.99699)  (420, -0.740768)  (421, -0.753848)  (422, -0.247305) 
row 416: (407, -0.0660388)  (408, -0.56512)  (416, 0.69777)  (423, -0.0666116) 
row 417: (408, -0.164691)  (411, -0.48668)  (417, 1.34092)  (423, -0.501209)  (424, -0.188338) 
row 418: (16, -0.0539487)  (411, -0.279297)  (418, 1.00262)  (424, -0.227153)  (425, -0.442227) 
row 419: (412, -0.185525)  (413, -0.940387)  (419, 3.86281)  (426, -0.17964) 
row 420: (413, -0.155623)  (415, -0.740768)  (420, 2.0284)  (426, -0.979444)  (427, -0.152562) 
row 421: (414, -0.388069)  (415, -0.753848)  (421, 2.19206)  (428, -0.390235)  (429, -0.659907) 
row 422: (415, -0.247305)  (422, 2.09652)  (427, -0.774108)  (428, -0.830549)  (430, -0.24456) 
row 423: (416, -0.0666116)  (417, -0.501209)  (423, 0.640102)  (431, -0.0722812) 
row 424: (417, -0.188338)  (418, -0.227153)  (424, 1.08525)  (431, -0.354994)  (432, -0.314766) 
row 425: (10, -0.0544325)  (418, -0.442227)  (425, 1.00699)  (432, -0.226884)  (433, -0.283448) 
row 426: (419, -0.17964)  (420, -0.979444)  (426, 3.86637)  (434, -0.177738) 
row 427: (420, -0.152562)  (422, -0.774108)  (427, 2.07086)  (434, -0.99248)  (435, -0.151707) 
row 428: (421, -0.390235)  (422, -0.830549)  (428, 2.4102)  (436, -0.385222)  (437, -0.804195) 
row 429: (9, -0.365758)  (269, -0.407352)  (421, -0.659907)  (429, 1.95853)  (437, -0.525515) 
row 430: (422, -0.24456)  (430, 2.13028)  (435, -0.78361)  (436, -0.858213)  (438, -0.243898) 
row 431: (423, -0.0722812)  (424, -0.354994)  (431, 0.551124)  (439, -0.123849) 
row 432: (424, -0.314766)  (425, -0.226884)  (432, 1.08498)  (439, -0.354994)  (440, -0.188338) 
row 433: (425, -0.283448)  (433, 1.36521)  (440, -0.49358)  (441, -0.318493)  (442, -0.269687) 
row 434: (426, -0.177738)  (427, -0.99248)  (434, 3.86847)  (443, -0.177258) 
row 435: (427, -0.151707)  (430, -0.78361)  (435, 2.08236)  (443, -0.995485)  (444, -0.151562) 
row 436: (428, -0.385222)  (430, -0.858213)  (436, 2.4841)  (445, -0.383558)  (446, -0.857108) 
row 437: (263, -0.561735)  (428, -0.804195)  (429, -0.525515)  (437, 2.42131)  (446, -0.529864) 
row 438: (430, -0.243898)  (438, 2.13876)  (444, -0.785475)  (445, -0.865568)  (447, -0.243814) 
row 439: (431, -0.123849)  (432, -0.354994)  (439, 0.551124)  (448, -0.0722812) 
row 440: (432, -0.188338)  (433, -0.49358)  (440, 1.34782)  (448, -0.501209)  (449, -0.164691) 
row 441: (10, -0.234778)  (11, -0.118921)  (433, -0.318493)  (441, 1.05234)  (450, -0.380149) 
row 442: (433, -0.269687)  (442, 1.77489)  (449, -0.657597)  (450, -0.592535)  (451, -0.255072) 
row 443: (434, -0.177258)  (435, -0.995485)  (443, 3.87006)  (452, -0.177203) 
row 444: (435, -0.151562)  (438, -0.785475)  (444, 2.08453)  (452, -0.995942)  (453, -0.151556) 
row 445: (436, -0.383558)  (438, -0.865568)  (445, 2.52381)  (454, -0.383226)  (455, -0.891456) 
row 446: (258, -0.653457)  (436, -0.857108)  (437, -0.529864)  (446, 2.57466)  (455, -0.534229) 
row 447: (438, -0.243814)  (447, 2.14013)  (453, -0.785704)  (454, -0.866794)  (456, -0.243814) 
row 448: (439, -0.0722812)  (440, -0.501209)  (448, 0.640102)  (457, -0.0666116) 
row 449: (440, -0.164691)  (442, -0.657597)  (449, 1.54301)  (457, -0.56512)  (458, -0.155602) 
row 450: (441, -0.380149)  (442, -0.592535)  (450, 1.80367)  (459, -0.432161)  (460, -0.398828) 
row 451: (442, -0.255072)  (451, 1.99697)  (458, -0.740749)  (460, -0.753848)  (461, -0.247305) 
row 452: (443, -0.177203)  (444, -0.995942)  (452, 3.87059)  (462, -0.177206) 
row 453: (444, -0.151556)  (447, -0.785704)  (453, 2.0848)  (462, -0.995985)  (463, -0.151556) 
row 454: (445, -0.383226)  (447, -0.866794)  (454, 2.5076)  (464, -0.383226)  (465, -0.874352) 
row 455: (247, -0.688208)  (445, -0.891456)  (446, -0.534229)  (455, 2.64377)  (465, -0.529875) 
row 456: (447, -0.243814)  (456, 2.13876)  (463, -0.785475)  (464, -0.865568)  (466, -0.243898) 
row 457: (448, -0.0666116)  (449, -0.56512)  (457, 0.69777)  (467, -0.0660388) 
row 458: (449, -0.155602)  (451, -0.740749)  (458, 1.6417)  (467, -0.592792)  (468, -0.152558) 
row 459: (11, -0.352036)  (20, -0.211882)  (450, -0.432161)  (459, 1.50707)  (469, -0.510993) 
row 460: (450, -0.398828)  (451, -0.753848)  (460, 2.20412)  (469, -0.661207)  (470, -0.390235) 
row 461: (451, -0.247305)  (461, 2.09652)  (468, -0.774106)  (470, -0.830549)  (471, -0.24456) 
row 462: (452, -0.177206)  (453, -0.995985)  (462, 3.87068)  (472, -0.177206) 
row 463: (453, -0.151556)  (456, -0.785475)  (463, 2.08453)  (472, -0.995942)  (473, -0.151562) 
row 464: (454, -0.383226)  (456, -0.865568)  (464, 2.52346)  (474, -0.383558)  (475, -0.891107) 
row 465: (238, -0.672622)  (454, -0.874352)  (455, -0.529875)  (465, 2.60651)  (475, -0.52966) 
row 466: (456, -0.243898)  (466, 2.13028)  (473, -0.78361)  (474, -0.858213)  (476, -0.24456) 
row 467: (457, -0.0660388)  (458, -0.592792)  (467, 0.724908)  (477, -0.0660774) 
row 468: (458, -0.152558)  (461, -0.774106)  (468, 1.68028)  (477, -0.601907)  (478, -0.151706) 
row 469: (22, -0.387673)  (459, -0.510993)  (460, -0.661207)  (469, 2.08306)  (479, -0.52319) 
row 470: (460, -0.390235)  (461, -0.830549)  (470, 2.40524)  (479, -0.79923)  (480, -0.385222) 
row 471: (461, -0.24456)  (471, 2.13028)  (478, -0.78361)  (480, -0.858213)  (481, -0.243898) 
row 472: (462, -0.177206)  (463, -0.995942)  (472, 3.87059)  (482, -0.177203) 
row 473: (463, -0.151562)  (466, -0.78361)  (473, 2.08236)  (482, -0.995485)  (483, -0.151707) 
row 474: (464, -0.383558)  (466, -0.858213)  (474, 2.4827)  (484, -0.855709)  (485, -0.385222) 
row 475: (225, -0.704157)  (464, -0.891107)  (465, -0.52966)  (475, 2.65806)  (484, -0.533131) 
row 476: (466, -0.24456)  (476, 2.09652)  (483, -0.774108)  (485, -0.830549)  (486, -0.247305) 
row 477: (467, -0.0660774)  (468, -0.601907)  (477, 0.734089)  (487, -0.066105) 
row 478: (468, -0.151706)  (471, -0.78361)  (478, 1.69081)  (487, -0.603934)  (488, -0.151562) 
row 479: (27, -0.576594)  (469, -0.52319)  (470, -0.79923)  (479, 2.44123)  (489, -0.542215) 
row 480: (470, -0.385222)  (471, -0.858213)  (480, 2.50904)  (489, -0.882044)  (490, -0.383558) 
row 481: (471, -0.243898)  (481, 2.13876)  (488, -0.785475)  (490, -0.865568)  (491, -0.243814) 
row 482: (472, -0.177203)  (473, -0.995485)  (482, 3.87006)  (492, -0.177258) 
row 483: (473, -0.151707)  (476, -0.774108)  (483, 2.07086)  (492, -0.99248)  (493, -0.152562) 
row 484: (226, -0.64498)  (474, -0.855709)  (475, -0.533131)  (484, 2.55)  (494, -0.516182) 
row 485: (474, -0.385222)  (476, -0.830549)  (485, 2.39147)  (494, -0.785467)  (495, -0.390235) 
row 486: (476, -0.247305)  (486, 1.99699)  (493, -0.740768)  (495, -0.753848)  (496, -0.255072) 
row 487: (477, -0.066105)  (478, -0.603934)  (487, 0.736154)  (497, -0.066115) 
row 488: (478, -0.151562)  (481, -0.785475)  (488, 1.69283)  (497, -0.604235)  (498, -0.151556) 
row 489: (34, -0.693179)  (479, -0.542215)  (480, -0.882044)  (489, 2.66643)  (499, -0.548992) 
row 490: (480, -0.383558)  (481, -0.865568)  (490, 2.52223)  (499, -0.889878)  (500, -0.383226) 
row 491: (481, -0.243814)  (491, 2.14013)  (498, -0.785704)  (500, -0.866794)  (501, -0.243814) 
row 492: (482, -0.177258)  (483, -0.99248)  (492, 3.86847)  (502, -0.177738) 
row 493: (483, -0.152562)  (486, -0.740768)  (493, 2.0284)  (502, -0.979444)  (503, -0.155623) 
row 494: (209, -0.494395)  (484, -0.516182)  (485, -0.785467)  (494, 2.31881)  (504, -0.522762) 
row 495: (485, -0.390235)  (486, -0.753848)  (495, 2.21493)  (504, -0.672022)  (505, -0.398828) 
row 496: (486, -0.255072)  (496, 1.77496)  (503, -0.657665)  (505, -0.592535)  (506, -0.269687) 
row 497: (487, -0.066115)  (488, -0.604235)  (497, 0.736467)  (507, -0.0661172) 
row 498: (488, -0.151556)  (491, -0.785704)  (498, 1.69308)  (507, -0.604264)  (508, -0.151556) 
row 499: (43, -0.737783)  (489, -0.548992)  (490, -0.889878)  (499, 2.71865)  (509, -0.542001) 
row 500: (490, -0.383226)  (491, -0.866794)  (500, 2.52902)  (509, -0.895773)  (510, -0.383226) 
row 501: (491, -0.243814)  (501, 2.13876)  (508, -0.785475)  (510, -0.865568)  (511, -0.243898) 
row 502: (492, -0.177738)  (493, -0.979444)  (502, 3.86637)  (512, -0.17964) 
row 503: (493, -0.155623)  (496, -0.657665)  (503, 1.91839)  (512, -0.940386)  (513, -0.164715) 
row 504: (192, -0.409549)  (494, -0.522762)  (495, -0.672022)  (504, 2.12455)  (514, -0.520222) 
row 505: (495, -0.398828)  (496, -0.592535)  (505, 1.80367)  (514, -0.432161)  (515, -0.380149) 
row 506: (496, -0.269687)  (506, 1.36523)  (513, -0.493597)  (515, -0.318493)  (516, -0.283448) 
row 507: (497, -0.0661172)  (498, -0.604264)  (507, 0.736498)  (517, -0.0661172) 
row 508: (498, -0.151556)  (501, -0.785475)  (508, 1.69283)  (517, -0.604235)  (518, -0.151562) 
row 509: (56, -0.714403)  (499, -0.542001)  (500, -0.895773)  (509, 2.68002)  (519, -0.527844) 
row 510: (500, -0.383226)  (501, -0.865568)  (510, 2.4992)  (519, -0.866847)  (520, -0.383558) 
row 511: (501, -0.243898)  (511, 2.13028)  (518, -0.78361)  (520, -0.858213)  (521, -0.24456) 
row 512: (502, -0.17964)  (503, -0.940386)  (512, 3.86281)  (522, -0.185525) 
row 513: (503, -0.164715)  (506, -0.493597)  (513, 1.69542)  (522, -0.846732)  (523, -0.190378) 
row 514: (12, -0.352036)  (193, -0.210429)  (504, -0.520222)  (505, -0.432161)  (514, 1.51485) 
row 515: (12, -0.118921)  (13, -0.234778)  (505, -0.380149)  (506, -0.318493)  (515, 1.05234) 
row 516: (13, -0.0544325)  (506, -0.283448)  (516, 1.00996)  (523, -0.229853)  (524, -0.442227) 
row 517: (507, -0.0661172)  (508, -0.604235)  (517, 0.736467)  (525, -0.066115) 
row 518: (508, -0.151562)  (511, -0.78361)  (518, 1.69081)  (525, -0.603934)  (526, -0.151706) 
row 519: (74, -0.666531)  (509, -0.527844)  (510, -0.866847)  (519, 2.59184)  (527, -0.530617) 
row 520: (510, -0.383558)  (511, -0.858213)  (520, 2.50235)  (527, -0.875359)  (528, -0.385222) 
row 521: (511, -0.24456)  (521, 2.09652)  (526, -0.774106)  (528, -0.830549)  (529, -0.247305) 
row 522: (512, -0.185525)  (513, -0.846732)  (522, 3.81391)  (530, -0.205243) 
row 523: (513, -0.190378)  (516, -0.229853)  (523, 1.35466)  (530, -0.615983)  (531, -0.318445) 
row 524: (253, -0.0539489)  (516, -0.442227)  (524, 1.00264)  (531, -0.227172)  (532, -0.279297) 
row 525: (517, -0.066115)  (518, -0.603934)  (525, 0.736154)  (533, -0.066105) 
row 526: (518, -0.151706)  (521, -0.774106)  (526, 1.68028)  (533, -0.601907)  (534, -0.152558) 
row 527: (95, -0.662627)  (519, -0.530617)  (520, -0.875359)  (527, 2.61309)  (535, -0.544488) 
row 528: (520, -0.385222)  (521, -0.830549)  (528, 2.41474)  (535, -0.808732)  (536, -0.390235) 
row 529: (521, -0.247305)  (529, 1.99697)  (534, -0.740749)  (536, -0.753848)  (537, -0.255072) 
row 530: (522, -0.205243)  (523, -0.615983)  (530, 3.38044)  (538, -0.211016) 
row 531: (523, -0.318445)  (524, -0.227172)  (531, 1.02748)  (538, -0.293536)  (539, -0.188332) 
row 532: (14, -0.24225)  (524, -0.279297)  (532, 1.27421)  (537, -0.266027)  (539, -0.486633) 
row 533: (525, -0.066105)  (526, -0.601907)  (533, 0.734089)  (540, -0.0660774) 
row 534: (526, -0.152558)  (529, -0.740749)  (534, 1.6417)  (540, -0.592792)  (541, -0.155602) 
row 535: (119, -0.589991)  (527, -0.544488)  (528, -0.808732)  (535, 2.47126)  (542, -0.528052) 
row 536: (528, -0.390235)  (529, -0.753848)  (536, 2.19136)  (542, -0.659212)  (543, -0.388069) 
row 537: (529, -0.255072)  (532, -0.266027)  (537, 1.75508)  (541, -0.657597)  (543, -0.576388) 
row 538: (530, -0.211016)  (531, -0.293536)  (538, 0.561903)  (544, -0.0573512) 
row 539: (531, -0.188332)  (532, -0.486633)  (539, 1.34079)  (541, -0.164675)  (544, -0.50115) 
row 540: (533, -0.0660774)  (534, -0.592792)  (540, 0.724909)  (545, -0.0660388) 
row 541: (534, -0.155602)  (537, -0.657597)  (539, -0.164675)  (541, 1.54299)  (545, -0.56512) 
row 542: (15, -0.365195)  (160, -0.410396)  (535, -0.528052)  (536, -0.659212)  (542, 1.96286) 
row 543: (14, -0.271323)  (15, -0.319979)  (536, -0.388069)  (537, -0.576388)  (543, 1.55576) 
row 544: (538, -0.0573512)  (539, -0.50115)  (544, 0.625113)  (545, -0.0666117) 
row 545: (540, -0.0660388)  (541, -0.56512)  (544, -0.0666117)  (545, 0.69777) 
