Vec Object: 1 MPI process
  type: mpi
Process [0]
-3.15208e-06
-9.48506e-06
-3.96378e-05
-1.94527e-05
-7.495e-13
-1.59437e-13
2.04572e-15
-2.38817e-05
-6.93339e-05
-8.4454e-15
-1.0242e-05
-3.68459e-06
-4.94868e-13
-2.51635e-14
-2.55613e-12
-2.92026e-11
-4.40098e-05
-2.65823e-05
-1.72622e-05
-6.64505e-06
-3.41645e-06
-1.72493e-06
-7.33955e-07
-1.5175e-06
-3.71591e-07
-5.69346e-06
-9.30802e-07
-2.33373e-07
-1.73105e-06
-2.89314e-07
-1.78086e-07
-9.70519e-07
-3.50559e-06
-2.4902e-07
-6.8329e-08
-2.28392e-07
-1.11817e-06
-6.02371e-08
-5.51781e-08
-5.06313e-07
-1.63714e-07
-1.44864e-06
-4.34084e-08
-1.83533e-08
-1.41101e-08
-1.10694e-07
-3.83161e-08
-4.29932e-07
-9.24984e-09
-1.61765e-08
-7.03593e-09
-8.70509e-08
-1.69727e-07
-2.59241e-08
-4.62493e-07
-5.13686e-09
-5.1949e-09
-3.87488e-09
-2.1529e-09
-2.29882e-08
-4.10646e-08
-5.57128e-09
-2.17071e-07
-1.28511e-09
-2.90369e-09
-1.74671e-09
-6.30616e-10
-3.82512e-08
-1.60857e-08
-5.95501e-08
-3.20749e-09
-2.3294e-07
-5.55386e-10
-8.96599e-10
-1.01959e-09
-1.36653e-09
-8.459e-10
-3.53632e-08
-2.72305e-09
-3.70668e-08
-9.38789e-10
-2.52227e-07
-4.8597e-10
-1.50317e-10
-5.57766e-10
-8.53757e-10
-3.70741e-10
-1.40498e-08
-1.97785e-09
-2.70329e-09
-1.4879e-07
-4.42986e-07
-1.47903e-10
-1.78099e-10
-1.89771e-10
-2.52538e-10
-3.20337e-10
-8.51994e-09
-2.88081e-10
-5.96414e-10
-1.39886e-07
-6.94486e-07
-6.00191e-11
-1.1345e-10
-9.29336e-11
-1.0363e-10
-2.06059e-10
-1.48027e-10
-3.48217e-09
-6.3264e-08
-3.60099e-10
-2.97954e-10
-3.38959e-07
-1.25713e-06
-3.8461e-11
-5.13965e-11
-4.73002e-11
-7.92226e-11
-4.63623e-11
-7.80349e-11
-1.19473e-09
-2.10581e-08
-1.85953e-10
-1.01402e-10
-3.0986e-07
-1.5713e-06
-1.56501e-11
-9.28392e-12
-3.56937e-11
-8.41894e-12
-2.04609e-11
-1.92047e-11
-5.41653e-11
-1.10875e-08
-7.89555e-10
-1.70135e-07
-5.75958e-11
-8.47901e-07
-3.15727e-06
-8.14674e-12
-6.07427e-12
-1.43683e-11
-5.81976e-12
-1.77198e-11
-1.72648e-11
-1.34504e-11
-4.98032e-09
-6.35323e-10
-5.46564e-08
-9.60357e-11
-5.88407e-07
-2.76189e-06
-2.54218e-12
-3.24097e-12
-2.89724e-12
-1.63534e-11
-1.77754e-12
-7.94822e-12
-5.23415e-12
-6.90475e-12
-1.07038e-11
-2.38138e-09
-3.11565e-08
-2.74443e-10
-3.23507e-07
-4.10021e-11
-1.56764e-06
-5.51537e-06
-1.73948e-12
-1.35873e-12
-9.63005e-13
-6.33342e-12
-2.07798e-12
-3.99543e-12
-1.88862e-12
-2.89518e-12
-1.03693e-11
-3.18864e-09
-2.12736e-08
-4.11483e-10
-1.42867e-07
-8.90251e-11
-6.56902e-07
-4.21545e-06
-6.93374e-13
-4.20009e-13
-7.40363e-13
-1.3804e-12
-7.32895e-12
-1.079e-12
-1.28129e-12
-6.34989e-13
-1.11883e-12
-9.26885e-13
-1.43128e-09
-9.052e-09
-8.46046e-08
-1.9852e-10
-3.83624e-07
-2.66939e-11
-1.97527e-06
-5.01125e-06
-4.24181e-13
-3.33469e-13
-3.26104e-13
-2.23316e-13
-2.6351e-12
-7.2981e-13
-7.21047e-13
-3.16184e-13
-5.83018e-12
-1.94131e-09
-2.63196e-08
-8.9094e-08
-2.44446e-10
-3.65038e-07
-3.05775e-11
-7.25024e-07
-5.34542e-06
-1.28561e-13
-1.23116e-13
-1.42121e-13
-1.90156e-13
-1.43411e-12
-1.71522e-11
-2.28422e-13
-3.51003e-13
-1.25282e-12
-7.39855e-09
-5.86942e-10
-4.66014e-08
-2.4854e-07
-1.87238e-10
-1.31409e-10
-6.19385e-06
-9.20231e-14
-1.03589e-13
-5.317e-14
-6.02574e-14
-4.01914e-13
-4.80697e-12
-4.77418e-13
-3.70883e-09
-3.35929e-09
-7.64692e-10
-1.86807e-10
-1.37395e-05
-2.81951e-14
-3.26527e-14
-4.89731e-14
-2.52424e-13
-4.84427e-12
-4.34227e-11
-6.49143e-14
-4.5894e-10
-3.43338e-10
-9.36011e-11
-1.04176e-05
-8.09236e-15
-2.01939e-14
-1.25458e-13
-2.1407e-12
-1.17097e-11
-4.81058e-15
-1.93376e-13
-6.97169e-14
-8.42363e-13
-4.99988e-12
-1.98932e-13
-1.60552e-13
-4.89366e-12
-1.41394e-12
-3.60602e-13
-3.43661e-13
-1.69852e-13
-2.99206e-13
-2.21357e-15
-4.79289e-14
-1.27107e-05
-3.84063e-06
-2.03578e-05
-4.14047e-06
-8.19757e-07
-6.57487e-05
-7.4929e-06
-4.7092e-06
-1.29763e-06
-2.57788e-07
-8.72734e-05
-0.00010545
2.00149e-05
-1.62735e-06
-1.05998e-06
-3.15049e-07
-6.55557e-08
-0.000175551
-0.00012402
0.000246703
4.94238e-07
-4.56175e-07
-2.27204e-07
-7.35765e-08
-1.44726e-08
-0.000191345
-8.23785e-05
0.00753105
-7.61917e-08
-1.07473e-07
-5.13322e-08
-1.63192e-08
-3.11361e-09
-0.00029301
-0.000103279
-9.61367e-05
-0.00773197
-2.58587e-08
-2.51899e-08
-1.14177e-08
-3.4978e-09
-6.40294e-10
0.00110994
-0.000130747
-7.1465e-05
-2.9672e-05
-6.38795e-09
-5.71572e-09
-2.46797e-09
-7.26851e-10
-1.30329e-10
0.000524752
-3.0875e-05
-3.82683e-05
-2.93804e-05
-5.34173e-06
-1.46939e-09
-1.25298e-09
-5.18392e-10
-1.47846e-10
-2.49959e-11
0.000161125
-2.24252e-06
-2.35955e-05
-8.44761e-06
-2.90017e-08
-3.24662e-10
-2.66361e-10
-1.06347e-10
-2.93344e-11
-5.11631e-12
3.79484e-05
1.35627e-06
-9.48067e-06
-1.63886e-06
3.71453e-07
-6.94769e-11
-5.52204e-11
-2.13265e-11
-5.93762e-12
6.99603e-06
6.69946e-07
-2.90059e-06
-1.54171e-07
2.75626e-07
-1.44913e-11
-1.11901e-11
-4.26949e-12
-1.25744e-12
1.12825e-06
3.64724e-07
-7.68858e-07
-9.96804e-09
3.41553e-07
-2.95698e-12
-2.24478e-12
-8.79226e-13
3.51506e-07
7.43163e-07
-3.7774e-07
-3.12028e-07
-2.24209e-07
-5.95871e-13
-4.55267e-13
-1.6278e-13
1.14359e-06
1.39447e-06
-8.76756e-07
-1.93912e-06
-6.1624e-06
-1.19718e-13
-9.64e-14
-2.40702e-14
6.97316e-06
-2.78618e-06
-2.92794e-06
-8.80501e-06
-3.20774e-05
-2.70621e-14
-1.88217e-14
-1.10332e-14
3.76019e-05
-3.33039e-05
-8.91398e-06
-3.02752e-05
-0.000101334
1.84678e-15
-7.2541e-15
-4.4556e-16
0.000159648
-0.000135187
-2.14542e-05
-7.42587e-05
-0.000199011
-2.42724e-15
-6.50614e-16
-7.09502e-15
-1.16118e-15
0.000521629
-0.000297213
-0.00017508
-1.72579e-16
-3.12247e-16
-2.5058e-15
-1.54883e-15
0.00110896
-8.2327e-05
-8.68951e-05
9.14293e-17
-5.73765e-16
-2.23148e-15
-1.3782e-14
-3.96187e-15
-0.00773006
-0.000125467
-6.58874e-05
3.22349e-17
-1.54317e-15
-5.76956e-15
-5.60712e-15
-9.69558e-15
0.00753106
-0.000105696
-1.43872e-05
-2.14174e-05
2.13807e-18
-3.68784e-15
-1.543e-14
-1.17681e-14
-2.10658e-14
0.000246539
-7.09304e-06
-1.13694e-05
-4.52354e-06
-9.89881e-18
-7.92646e-15
-3.33481e-14
-2.33827e-14
-4.62594e-14
2.01566e-05
-1.48071e-06
-5.7227e-06
-4.8922e-06
-1.082e-06
-1.72228e-17
-1.63564e-14
-8.69106e-14
-4.37978e-14
-7.38872e-14
5.39214e-07
-4.48824e-07
-2.67949e-06
-1.49899e-06
-2.77096e-07
-2.31956e-17
-2.51712e-14
-1.52905e-13
-1.71163e-13
-8.91815e-14
-7.29616e-08
-1.20943e-07
-1.26003e-06
-4.15455e-07
-6.76479e-08
-2.04116e-17
-3.03823e-14
-3.47731e-13
-1.80671e-13
-1.13857e-13
-2.86049e-08
-2.85873e-08
-4.27666e-07
-1.10282e-07
-1.55895e-08
-9.30388e-18
-3.64941e-14
-3.28384e-13
-2.77005e-13
-7.13264e-14
-7.2185e-09
-6.13323e-09
-1.29568e-07
-2.81542e-08
-3.44297e-09
-1.01309e-17
-2.25654e-14
-7.69932e-13
-2.29944e-13
-1.19306e-14
-1.59067e-09
-1.23282e-09
-3.64027e-08
-6.88928e-09
-7.41218e-10
-7.90112e-17
-9.31803e-15
-1.82506e-12
-3.2731e-13
-5.28871e-14
-3.25101e-10
-2.37734e-10
-9.58202e-09
-1.62609e-09
-1.58413e-10
-5.80828e-16
-2.00325e-14
-1.64238e-13
-6.33977e-11
-4.49095e-11
-2.4068e-09
-3.77017e-10
-3.40473e-11
-9.38583e-16
-4.49927e-14
-1.03045e-12
-1.20553e-11
-8.45607e-12
-6.00047e-10
-8.74814e-11
-6.98371e-12
-6.65603e-15
-2.61858e-13
-2.27486e-12
-1.58791e-12
-1.52735e-10
-1.92536e-11
-7.37703e-14
-4.32501e-13
