Vec Object: 1 MPI process
  type: mpi
Process [0]
0.000261414
0.000705353
-0.000852292
-0.000529162
9.51834e-08
3.46424e-08
-4.33354e-09
-0.000388095
-0.0011074
-8.87058e-09
7.44087e-05
0.00019051
2.1487e-08
-1.30126e-09
3.8143e-08
3.11416e-07
-0.000492144
-0.000900615
-5.65533e-05
-0.000241048
7.95727e-05
4.30811e-05
0.000203439
-4.93721e-05
0.000115032
-0.000143297
3.2913e-05
0.000145307
-0.000102768
3.74813e-06
7.18893e-05
-3.70101e-05
-0.000119612
2.95983e-05
7.59806e-05
-3.05161e-05
-7.32699e-05
1.14492e-05
4.21022e-05
-4.29004e-05
-9.26902e-06
-7.13872e-05
1.08068e-05
4.21753e-05
2.03127e-05
-3.04349e-05
-1.08856e-05
-4.57602e-05
1.03295e-07
2.08119e-05
1.27833e-05
-1.75168e-05
-3.19059e-05
-5.57249e-06
-4.46661e-05
4.2281e-07
1.95267e-05
1.25152e-05
3.64733e-06
-1.41224e-05
-2.55265e-05
-6.05004e-06
-3.45297e-05
-1.90957e-06
9.44053e-06
7.19774e-06
3.19987e-06
-1.73166e-05
-8.96215e-06
-2.66553e-05
-3.83072e-06
-4.24285e-05
-1.1593e-06
5.30772e-06
8.81347e-06
4.52586e-06
1.36593e-06
-1.77955e-05
-7.50774e-06
-2.4738e-05
-3.33422e-06
-4.29056e-05
-1.87243e-06
-1.58201e-07
2.4122e-06
3.34844e-06
1.96639e-06
-1.33178e-05
-4.32965e-06
-8.86615e-06
-3.17901e-05
-6.53503e-05
-1.32213e-06
-2.4672e-07
1.13488e-06
3.18711e-06
1.1845e-06
-1.55923e-05
-3.59283e-06
-7.04391e-06
-3.25457e-05
-7.23185e-05
-7.08965e-07
-1.36865e-06
1.07371e-09
5.40393e-07
1.40949e-06
4.89176e-07
-8.88311e-06
-2.2381e-05
-4.6208e-06
-1.95484e-06
-5.19729e-05
-0.000120314
-5.09192e-07
-7.10928e-07
-1.97348e-07
2.57897e-07
5.70286e-07
1.24939e-06
-7.43304e-06
-2.08443e-05
-2.99791e-06
-1.79206e-06
-5.4173e-05
-0.000129749
-2.9888e-07
-5.09833e-07
-5.63198e-07
-8.22934e-08
1.34687e-07
3.84592e-07
5.16549e-07
-9.92357e-06
-3.3159e-06
-3.1832e-05
-7.43615e-07
-8.73665e-05
-0.000212462
-2.17338e-07
-3.39733e-07
-2.89825e-07
-1.08205e-07
7.76625e-08
1.76531e-07
4.29409e-07
-3.75512e-06
-6.15584e-07
-2.19063e-05
2.58112e-09
-7.5833e-05
-0.000201124
-2.15162e-07
-1.32946e-07
-2.91815e-07
-9.69137e-09
-4.58321e-08
8.16758e-08
9.23698e-08
1.39952e-07
5.26513e-07
8.30651e-07
-3.2113e-06
5.37907e-07
-3.53633e-05
2.5654e-07
-0.000120469
-0.000309371
-1.44191e-07
-9.26737e-08
-1.85623e-07
-5.02744e-08
-3.48646e-08
3.37197e-08
2.75206e-08
7.47438e-08
1.01676e-07
1.05023e-05
1.68865e-05
4.08745e-06
5.684e-08
1.41817e-06
-6.29011e-05
-0.000195398
-9.10358e-08
-1.24915e-07
-5.36912e-08
-1.44305e-07
2.09819e-07
-1.32407e-08
1.78211e-08
1.11015e-08
1.98088e-08
7.28791e-08
8.63009e-06
2.17164e-05
2.96143e-05
3.01569e-06
-1.1389e-06
6.87144e-07
-6.63818e-05
-0.000275959
-5.84626e-08
-7.92746e-08
-3.78631e-08
-8.08923e-08
1.01468e-07
-1.07725e-08
5.71538e-09
8.26818e-10
9.09504e-08
1.76411e-05
5.04086e-05
8.07906e-05
6.75802e-06
8.43899e-05
1.71851e-06
0.000105848
4.47926e-05
-3.75822e-08
-5.11798e-08
-6.7793e-08
-2.12232e-08
-4.73663e-08
4.73418e-07
-1.32875e-08
-4.84753e-09
3.68642e-08
4.06102e-05
1.36566e-05
8.23582e-05
0.000128126
6.73331e-06
3.09179e-06
-0.000286551
-2.20127e-08
-2.67744e-08
-4.51895e-08
-1.46562e-08
7.95379e-09
8.51457e-07
2.00209e-09
5.22428e-05
2.41448e-05
1.34482e-05
5.28307e-06
0.000354366
-1.62051e-08
-2.53916e-08
-3.32839e-08
-3.52765e-08
1.34604e-07
2.05556e-06
3.20223e-10
2.65287e-05
1.03668e-05
3.52783e-06
-0.000336562
-1.69079e-08
-2.05624e-08
9.02689e-10
2.55194e-07
8.1385e-07
-1.60402e-08
5.65032e-08
-2.22957e-08
1.10509e-07
1.2784e-06
5.12696e-08
-1.73372e-08
2.7985e-07
1.45756e-07
4.11194e-07
8.55261e-08
-1.0787e-08
-1.53735e-08
-6.12572e-09
-8.69612e-09
0.000661585
0.000273732
0.00105172
0.000456896
0.000208561
0.00147793
0.0014261
0.000615386
0.000283082
0.000129293
0.00051141
0.0027953
0.00167099
0.000728254
0.000343574
0.000159982
7.26537e-05
-0.00150421
0.00379283
0.00434668
0.000781311
0.000382328
0.000183323
8.46516e-05
3.59969e-05
-0.00167987
-0.00457182
0.0140189
0.000399122
0.000197874
9.33607e-05
4.06138e-05
1.5194e-05
-0.002118
-0.00117593
-0.000932309
-0.0173131
0.000204645
9.89206e-05
4.39556e-05
1.7325e-05
5.72352e-06
-0.00151233
-0.000742853
-0.000852488
-0.000491811
0.000101962
4.62896e-05
1.8754e-05
6.63972e-06
2.04506e-06
1.13103e-07
-0.000351126
-0.000589371
-0.000514393
-0.000255841
4.79528e-05
1.98551e-05
7.25316e-06
2.36295e-06
6.94549e-07
-7.10845e-05
-0.000192013
-0.000439345
-0.000278589
-0.000125288
2.0846e-05
7.77121e-06
2.58166e-06
7.90591e-07
2.48299e-07
-0.000115645
-9.87938e-05
-0.000269728
-0.000139721
-6.02493e-05
8.31624e-06
2.7969e-06
8.53958e-07
2.75181e-07
-8.3478e-05
-4.7636e-05
-0.000146504
-6.95106e-05
-3.52167e-05
3.05761e-06
9.32395e-07
2.75196e-07
9.24878e-08
-4.55013e-05
-2.56136e-05
-7.74429e-05
-4.22067e-05
-3.78633e-05
1.04285e-06
2.95332e-07
8.61165e-08
-2.44466e-05
-2.44901e-05
-4.91083e-05
-4.56359e-05
-7.20385e-05
3.36875e-07
8.76282e-08
1.84823e-08
-2.02691e-05
-4.58129e-05
-5.23409e-05
-8.43044e-05
-0.000162697
1.02627e-07
1.688e-08
5.9278e-09
-2.88342e-05
-0.000103779
-8.88407e-05
-0.00018119
-0.000374013
1.97386e-08
3.8106e-09
-2.31884e-10
-3.16347e-05
-0.000244885
-0.000166441
-0.000378107
-0.000846954
2.05295e-09
3.18276e-10
-2.29547e-09
2.21094e-05
-0.000669636
-0.000276488
-0.000720075
-0.00165791
1.8003e-10
-4.45977e-10
-4.87573e-09
-2.77601e-09
6.49966e-05
-0.00210385
-0.00144845
-9.65375e-11
-7.01192e-10
-5.35465e-09
-2.75909e-09
-0.00149102
-0.00454385
0.000552577
-1.7899e-10
-6.73489e-10
-5.04783e-09
-9.2351e-09
-2.88101e-09
-0.017279
0.00379592
0.00143818
-1.78355e-10
-7.38645e-10
-5.21594e-09
-8.38108e-09
-3.11302e-09
0.0140209
0.00274932
0.000714421
0.00103752
-1.96067e-10
-9.06763e-10
-5.59777e-09
-8.75629e-09
-3.09402e-09
0.00431283
0.00140842
0.000680337
0.000622164
-2.4127e-10
-1.11558e-09
-5.3569e-09
-9.56332e-09
-2.83562e-09
0.00165549
0.00072258
0.000364135
0.000481322
0.000335848
-2.9881e-10
-1.33904e-09
-4.6514e-09
-9.06608e-09
-2.06195e-09
0.000773347
0.000361056
0.000329874
0.000280932
0.000160503
-3.60763e-10
-1.40224e-09
-2.84813e-09
-7.77021e-09
-1.15169e-09
0.000377199
0.000164722
0.000218597
0.000141193
6.86466e-05
-3.80896e-10
-1.33143e-09
-3.99109e-09
-8.60579e-10
-3.65717e-10
0.000172892
6.75702e-05
0.000119712
6.43426e-05
2.67515e-05
-3.63069e-10
-1.19262e-09
5.43212e-11
1.1835e-09
-7.79599e-10
7.21447e-05
2.50873e-05
6.048e-05
2.70785e-05
9.68141e-06
-3.20748e-10
-1.02612e-09
6.13763e-09
3.23808e-10
-1.39362e-09
2.73892e-05
8.53443e-06
2.80082e-05
1.07065e-05
3.28217e-06
-2.68152e-10
-1.03051e-09
8.89823e-09
-3.91069e-09
1.22412e-09
9.54315e-06
2.67954e-06
1.22065e-05
3.97522e-06
1.06688e-06
-2.83356e-10
-1.40407e-09
4.7409e-09
3.07244e-06
7.82159e-07
4.83992e-06
1.44408e-06
3.30733e-07
-5.86972e-10
-1.57671e-09
1.6522e-08
9.19946e-07
2.09136e-07
1.94743e-06
5.22263e-07
6.95285e-08
-2.57822e-09
4.11549e-09
2.54154e-07
4.20658e-08
8.39557e-07
1.20374e-07
1.49061e-09
5.82471e-08
