Vec Object: 28 MPI processes
  type: mpi
Process [0]
4.35092e-10
-3.55726e-09
-3.97315e-09
9.39786e-10
6.04034e-10
-2.1271e-09
-4.2917e-09
-5.03507e-09
-1.27395e-08
-2.83836e-08
-7.51774e-09
-1.34695e-08
-8.77216e-09
-5.43114e-09
-2.76271e-09
-1.9021e-09
-2.73233e-09
-1.80121e-09
-1.02828e-08
-2.64384e-08
-1.43623e-08
-2.15082e-08
-1.53832e-08
-1.0765e-08
-6.13489e-09
-3.4828e-09
-2.9376e-09
-4.73428e-10
-7.18687e-09
-1.83838e-08
-1.93741e-08
-2.70762e-08
-1.99944e-08
-1.47581e-08
-8.90774e-09
-5.02332e-09
-3.45e-09
-2.14584e-10
-6.03462e-09
-1.31574e-08
-2.42011e-08
-3.22316e-08
-2.40452e-08
-1.83518e-08
-1.13622e-08
-6.37903e-09
-3.79599e-09
3.06189e-11
-4.86139e-09
-1.03257e-08
-2.8666e-08
-3.65032e-08
-2.73613e-08
-2.13725e-08
-1.33319e-08
-7.41861e-09
-3.97382e-09
-4.395e-11
-3.77718e-09
-6.13973e-09
-3.1754e-08
-3.87496e-08
-2.9109e-08
-2.31022e-08
-1.45049e-08
-8.01255e-09
-3.96307e-09
2.25779e-10
-2.09072e-09
-8.07118e-10
-3.21611e-08
-3.76367e-08
-2.81967e-08
-2.25839e-08
-1.39481e-08
-7.35674e-09
-2.97305e-09
9.47523e-10
8.93572e-11
6.85146e-09
-3.10899e-08
-3.48073e-08
-2.58875e-08
-2.07824e-08
-1.23009e-08
-5.93802e-09
-1.52309e-09
2.05168e-09
3.02425e-09
1.67162e-08
Process [1]
-7.36765e-09
-5.18746e-08
-1.03878e-07
-1.66351e-08
-2.97752e-07
-4.0796e-07
1.32943e-06
1.76096e-06
9.5171e-08
9.81831e-08
5.61897e-08
2.02595e-07
4.21248e-08
-7.05185e-07
6.20796e-07
1.78265e-06
1.66065e-07
2.21002e-07
1.79767e-07
2.99204e-07
3.80974e-07
-7.5697e-07
-1.50623e-07
1.40439e-06
6.8553e-08
1.64563e-07
1.71785e-07
2.35875e-07
5.77209e-07
-5.92972e-07
-6.93074e-07
8.45627e-07
1.65784e-08
7.14471e-08
7.66736e-08
3.56647e-08
5.43175e-07
-3.49254e-07
-8.90945e-07
3.29433e-07
-2.0464e-07
-9.69602e-08
-3.49872e-08
-1.57151e-07
3.53049e-07
-1.34992e-07
-7.86098e-07
-1.30262e-08
-2.1708e-07
-2.89671e-07
-2.6573e-07
-3.93077e-07
3.45779e-08
-5.95915e-08
-5.35723e-07
-1.70021e-07
-2.10459e-07
-1.87711e-07
-2.09403e-07
-4.02059e-07
-1.86444e-07
-5.95655e-08
-2.47044e-07
-1.91258e-07
-9.7798e-07
-7.75015e-07
-5.47462e-07
-5.07634e-07
-3.76917e-07
-1.22288e-07
1.04862e-08
-1.40428e-07
1.40377e-06
2.24841e-07
-1.92074e-07
-3.3747e-07
-4.10421e-07
-2.04017e-07
1.8634e-07
-7.92227e-08
-2.80762e-07
-2.93378e-07
-2.45109e-07
-1.49813e-07
-2.71776e-07
-2.01276e-07
3.362e-07
-1.78082e-08
Process [2]
6.3216e-08
4.22542e-08
2.41591e-08
1.32203e-09
-2.33099e-08
-5.49814e-08
-9.02747e-08
-1.24521e-07
-1.23646e-07
-1.56685e-07
-2.69596e-07
3.68876e-07
7.74578e-07
-4.33537e-08
9.39684e-08
9.20215e-08
7.41026e-08
4.44226e-08
2.08951e-09
-5.50954e-08
-1.13837e-07
-1.9039e-07
-2.32447e-07
-2.12912e-07
-4.49294e-07
3.27534e-08
1.56908e-06
1.21189e-06
9.57946e-08
8.7229e-08
8.00036e-08
6.3983e-08
4.54753e-08
2.39884e-08
5.40753e-09
-9.24654e-09
-2.28495e-08
-2.4669e-08
-7.77597e-08
-2.03004e-07
3.0496e-07
1.18346e-06
-6.62546e-08
-8.09736e-08
-8.11804e-08
-6.51675e-08
-3.33869e-08
-1.04453e-09
3.13683e-08
6.12642e-08
7.72609e-08
7.46087e-08
2.0055e-07
1.30618e-07
-9.94024e-07
-1.00077e-06
-6.20945e-08
-8.82318e-08
-9.54753e-08
-8.98588e-08
-6.90657e-08
-3.63663e-08
-4.61944e-10
3.76535e-08
7.51489e-08
4.82073e-08
1.16538e-07
3.88517e-07
-8.10298e-07
-1.50825e-06
4.98105e-08
6.84104e-08
7.31813e-08
5.98232e-08
4.62009e-08
2.6198e-08
-1.66728e-08
6.85486e-09
3.54749e-08
4.39006e-08
5.70636e-08
6.33286e-08
-5.78025e-08
-2.06115e-08
2.12678e-08
4.76826e-08
9.15598e-08
1.31183e-07
Process [3]
-8.8691e-09
-7.88122e-09
-2.22069e-08
-4.55807e-08
-5.82824e-08
-6.19475e-08
-4.87095e-08
-2.09545e-08
1.13541e-08
3.59593e-08
-5.6718e-09
7.89256e-09
1.75655e-09
-2.0705e-08
-4.42537e-08
-7.1052e-08
-8.55714e-08
-8.02829e-08
-6.18725e-08
-4.09074e-08
2.1758e-08
1.83023e-08
1.27373e-08
7.60044e-09
1.57024e-09
-1.54587e-09
4.01857e-09
1.89628e-08
4.09672e-08
7.87766e-08
1.56353e-08
3.04024e-08
3.84507e-08
4.04435e-08
3.67861e-08
2.11174e-08
1.9134e-09
-1.68119e-08
-3.34208e-08
-4.70532e-08
-2.78611e-09
1.18097e-08
3.04111e-08
5.15678e-08
7.2712e-08
7.51483e-08
5.99924e-08
3.19342e-08
-1.73974e-09
-3.11938e-08
-1.92351e-08
-1.92641e-08
-1.37286e-08
2.50426e-09
3.59544e-08
6.79121e-08
9.02048e-08
9.72908e-08
9.18012e-08
8.34806e-08
-1.80556e-08
-2.41982e-08
-3.56312e-08
-4.35505e-08
-3.14647e-08
-6.92437e-09
2.53502e-08
5.7197e-08
8.26476e-08
9.615e-08
-1.26491e-08
1.35487e-08
2.32891e-08
1.60065e-08
3.93221e-09
-1.92074e-08
-4.71067e-08
-6.72687e-08
-7.18342e-08
-7.83935e-08
-3.99106e-08
-6.1031e-09
1.25852e-08
2.39868e-08
3.38131e-08
1.43743e-08
-4.49301e-08
-2.47252e-08
-2.49579e-09
1.46375e-08
3.35562e-08
Process [4]
1.63764e-08
1.12883e-08
1.42615e-08
1.92837e-08
2.4741e-08
2.57895e-08
2.32714e-08
2.04249e-08
2.84904e-08
1.09426e-08
1.16574e-08
2.17769e-08
2.82576e-08
2.68575e-08
2.88564e-08
3.50341e-08
-2.77033e-08
-7.6108e-09
1.06943e-09
-1.78214e-09
-8.95324e-10
-9.13409e-10
-4.0825e-09
-9.69405e-09
-2.19684e-08
-2.10852e-10
4.27907e-09
-1.02043e-09
1.99273e-09
-1.5286e-09
-9.71827e-09
-1.96173e-08
-1.38681e-08
5.10646e-09
1.12881e-08
6.34495e-09
6.73459e-09
3.25233e-09
-5.86541e-09
-1.83646e-08
-7.52339e-09
8.26871e-09
1.40929e-08
1.08996e-08
1.21132e-08
9.05342e-09
-5.73724e-10
-1.23811e-08
-3.63692e-09
1.0958e-08
1.6701e-08
1.26333e-08
1.52864e-08
1.66481e-08
6.20145e-09
-6.45411e-09
1.48009e-09
1.06096e-08
1.5797e-08
1.65574e-08
2.01837e-08
1.94706e-08
1.23034e-08
3.11143e-09
6.71341e-09
9.78352e-09
1.67323e-08
1.93375e-08
2.1135e-08
2.1659e-08
2.09787e-08
1.25043e-08
5.08059e-08
3.34265e-08
2.57643e-08
2.59621e-08
3.421e-08
4.6611e-08
2.98632e-08
2.34096e-08
2.71125e-08
3.78984e-08
4.30606e-08
2.33032e-08
2.07066e-08
2.40748e-08
3.79922e-08
Process [5]
4.31293e-08
3.5764e-08
9.00116e-09
-2.94473e-09
-1.16938e-08
-2.75618e-08
-4.28519e-08
-4.91445e-08
4.48526e-08
3.96333e-08
1.73755e-08
3.07738e-09
-6.85457e-09
-2.4309e-08
-4.11146e-08
-4.83322e-08
-7.52448e-09
2.5713e-09
7.11538e-09
6.91827e-09
1.03077e-08
1.20193e-08
1.18632e-08
1.8401e-08
-1.87092e-08
-6.69004e-09
-3.29757e-09
-4.00122e-09
-5.42103e-10
1.10587e-09
1.46652e-09
6.43623e-09
-1.92958e-08
-8.3008e-09
-7.09636e-09
-8.46375e-09
-5.58154e-09
-5.70121e-09
-8.66556e-09
-8.27717e-09
-1.36489e-08
-5.35505e-09
-7.70099e-09
-1.04044e-08
-7.0858e-09
-6.92656e-09
-1.0655e-08
-1.47485e-08
-5.1747e-09
1.25797e-09
-5.98676e-09
-1.13711e-08
-8.74368e-09
-7.93673e-09
-9.85742e-09
-1.25084e-08
4.71336e-09
8.78786e-09
-2.60449e-09
-1.11059e-08
-1.04622e-08
-1.06349e-08
-1.13606e-08
-1.05151e-08
1.3778e-08
1.70601e-08
1.96013e-09
-9.98146e-09
-1.23329e-08
-1.5238e-08
-1.71899e-08
-1.47914e-08
2.60231e-08
2.44359e-08
5.55168e-09
-8.21633e-09
-1.34849e-08
-2.02869e-08
-2.61191e-08
-2.53663e-08
4.03092e-08
3.32564e-08
1.06819e-08
-4.27416e-09
-1.34756e-08
-2.54232e-08
-3.8868e-08
-4.61726e-08
Process [6]
1.29787e-08
1.90865e-08
1.5297e-08
1.44756e-08
1.29316e-08
9.97754e-09
7.87295e-09
5.9178e-09
4.21746e-09
1.97413e-09
2.05954e-09
3.0598e-09
2.89746e-08
2.55679e-08
3.36562e-08
2.84025e-08
2.71802e-08
2.4133e-08
1.90226e-08
1.45235e-08
9.88672e-09
5.41737e-09
3.05559e-10
-2.11949e-09
-2.29459e-10
1.96611e-08
-2.23971e-08
-2.10779e-08
-1.75012e-08
-1.4286e-08
-9.06683e-09
-5.17842e-09
-7.81623e-10
3.49011e-09
7.71008e-09
1.03355e-08
1.40038e-08
1.74455e-08
3.79483e-08
-4.08353e-09
-5.38245e-11
-8.52206e-10
6.98699e-12
1.32844e-09
1.57732e-09
2.65781e-09
3.93229e-09
5.43397e-09
6.00502e-09
7.89396e-09
1.01456e-08
3.17416e-08
3.20672e-08
4.24249e-08
3.75022e-08
3.73478e-08
3.46417e-08
2.91352e-08
2.39403e-08
1.81379e-08
1.25992e-08
5.13598e-09
2.08432e-10
1.35269e-10
1.07424e-08
2.1495e-08
3.18601e-08
2.93108e-08
3.12054e-08
3.10533e-08
2.83343e-08
2.58376e-08
2.31312e-08
2.0604e-08
1.57529e-08
6.72649e-09
9.43071e-09
-4.1055e-08
1.97435e-08
2.92694e-08
2.58509e-08
2.75724e-08
2.63753e-08
2.25412e-08
1.86901e-08
1.41169e-08
8.81632e-09
1.30764e-09
-7.32565e-09
-2.70272e-08
-4.02445e-08
Process [7]
-4.79379e-08
-5.7915e-08
-7.7359e-08
-9.38941e-08
-1.07504e-07
-1.35964e-07
-1.96424e-07
-2.91345e-07
-4.13939e-07
-5.90639e-07
-8.53126e-07
-1.26087e-06
-1.56756e-06
-1.45096e-06
-1.00969e-06
-4.70847e-07
9.76826e-09
1.71126e-08
-5.15952e-09
-5.22284e-08
-1.04126e-07
-2.05711e-07
-2.66467e-07
-2.36502e-07
1.17036e-08
8.34646e-07
1.94723e-06
2.75067e-06
2.81579e-06
1.69202e-06
6.17268e-08
-8.79065e-07
-2.29499e-08
-4.48576e-08
-6.44201e-08
-9.28132e-08
-1.07921e-07
-9.25972e-08
-7.59732e-08
-5.14364e-08
-2.74682e-08
1.29462e-08
2.84603e-08
3.54829e-08
2.68182e-08
5.94491e-09
-1.5323e-08
-4.00555e-08
-3.63536e-08
-3.7383e-08
-1.88522e-09
1.30591e-08
2.13524e-08
-5.11484e-08
-5.03661e-08
-4.41136e-08
-3.66948e-08
-2.02312e-08
-1.3105e-08
-1.08245e-08
-2.18015e-08
-4.05404e-08
-8.07795e-08
-1.26082e-07
-1.74676e-07
-2.30684e-07
-2.32335e-07
-2.71263e-07
-2.11648e-07
-4.76953e-08
-5.37888e-08
-6.05163e-08
-6.33536e-08
-5.40969e-08
-4.94722e-08
-4.93637e-08
-5.79317e-08
-6.2316e-08
-7.35554e-08
-5.2032e-08
-5.66471e-09
6.20941e-08
1.57738e-07
9.70715e-08
-3.63951e-08
-1.85962e-06
-2.79849e-06
1.71109e-07
4.39709e-06
5.18254e-06
3.43331e-06
Process [8]
4.07409e-09
-1.94562e-09
-1.45052e-07
-3.68151e-07
-6.77575e-07
-9.42547e-07
-9.87522e-07
-5.05014e-07
4.7545e-08
-2.76576e-08
-1.70466e-07
-3.22027e-07
-1.71971e-07
8.67552e-07
2.44311e-06
3.3434e-06
1.68604e-07
1.30123e-07
2.35205e-07
7.12418e-07
1.83574e-06
2.95921e-06
3.03078e-06
1.84927e-06
1.60797e-07
1.70592e-07
1.61963e-07
3.26854e-07
6.35697e-07
6.36675e-07
-2.09909e-07
-1.49822e-06
-2.58569e-06
7.3842e-08
1.25845e-07
8.41728e-08
-4.31099e-08
-4.62127e-07
-1.411e-06
-2.47278e-06
-3.29089e-06
-3.31452e-06
1.32117e-07
5.85937e-08
-1.88388e-08
-2.64247e-07
-8.72527e-07
-1.65523e-06
-2.16344e-06
-2.20328e-06
-1.56007e-06
1.73686e-07
1.41868e-07
-1.23997e-07
-3.22649e-07
-6.28835e-07
-9.30018e-07
-8.56903e-07
-2.7763e-07
5.97627e-07
1.21841e-07
8.90509e-08
-2.09579e-08
-2.40697e-07
-4.13065e-07
-2.98976e-07
2.03004e-07
1.0452e-06
1.71264e-06
4.71535e-08
3.20109e-08
1.67389e-07
2.24871e-08
-3.77313e-07
-2.84068e-07
8.44198e-09
3.29284e-07
9.10695e-07
1.20903e-06
2.09469e-07
-2.97065e-08
-1.56818e-07
1.83909e-09
-1.02187e-07
-3.56555e-07
-3.1563e-08
4.61234e-07
8.49726e-07
8.64187e-07
Process [9]
1.15184e-07
5.64537e-08
3.02552e-08
4.92944e-08
7.06196e-08
7.6384e-08
1.10754e-07
1.73616e-07
5.31877e-08
5.74091e-08
3.78491e-09
1.90027e-08
8.41622e-08
1.15598e-07
1.19412e-07
4.89015e-08
4.70762e-08
2.81561e-08
1.29219e-08
5.05321e-09
-1.15599e-08
-3.13871e-08
-3.6999e-08
4.32035e-08
4.48303e-08
3.53904e-08
2.57455e-08
1.69598e-08
1.41753e-11
-2.19374e-08
-3.50258e-08
1.72474e-08
4.50963e-08
4.04551e-08
4.19444e-08
4.47203e-08
3.47897e-08
2.59579e-08
4.41047e-09
-4.69593e-08
2.27971e-08
2.52783e-08
3.0679e-08
4.63527e-08
4.78013e-08
4.74481e-08
4.91749e-09
2.43761e-08
4.51269e-08
3.08007e-08
3.8979e-08
4.10928e-08
5.99213e-08
7.98396e-08
6.99445e-08
-9.62106e-08
-1.04339e-08
-9.67247e-10
3.32292e-09
3.61897e-08
1.15166e-07
1.14904e-07
-1.45472e-07
-5.87946e-08
-8.59863e-09
4.06356e-08
1.77827e-08
4.8606e-08
1.03902e-07
-9.70551e-08
-5.10834e-08
-2.36221e-08
4.41833e-08
8.07931e-08
3.54392e-08
4.95907e-08
-4.14712e-08
-2.47825e-08
-1.72088e-08
2.5054e-08
6.4812e-08
1.13208e-07
1.22817e-07
-3.58186e-08
-2.38631e-08
-4.5316e-08
9.96106e-09
1.36643e-07
1.89237e-07
Process [10]
-6.40678e-09
1.91524e-08
6.85423e-10
-2.00888e-08
-3.34451e-08
-4.7562e-08
-1.03595e-07
-2.7049e-08
8.68333e-09
2.50352e-09
-1.46177e-08
-3.24082e-08
-5.06559e-08
-1.33591e-07
3.09722e-08
1.75382e-08
1.25476e-08
1.44461e-08
3.17236e-08
1.9796e-08
9.25485e-09
-3.40362e-10
8.60087e-09
3.84814e-09
-4.3173e-08
-2.19439e-09
-1.15396e-08
7.10154e-09
-5.30193e-08
6.86125e-09
2.5799e-09
-5.53557e-09
2.03002e-09
-6.03301e-09
6.37989e-08
-1.42586e-08
-1.50675e-08
-2.75605e-08
-1.12618e-08
4.32892e-09
8.7753e-08
3.92598e-08
7.57274e-09
-1.61332e-08
-3.359e-08
-2.80143e-08
-1.78596e-08
2.17962e-08
-2.91736e-08
-1.82569e-08
-1.6663e-08
-3.0703e-08
-3.86038e-08
-3.85644e-08
-7.90253e-08
-2.01751e-08
-2.92589e-08
-3.17952e-08
-4.94315e-08
-5.08519e-08
-2.98533e-08
-3.16625e-08
2.20277e-08
3.14144e-09
-1.68845e-08
-4.11321e-08
-4.60975e-08
-1.91461e-08
-2.00427e-08
6.7689e-08
4.90368e-08
2.30818e-08
-4.04365e-09
-1.43132e-08
-1.85882e-09
-1.09224e-08
8.80527e-08
7.71639e-08
5.55858e-08
3.60559e-08
2.38136e-08
3.35839e-08
7.45332e-10
7.01736e-08
8.01957e-08
6.88419e-08
6.70503e-08
5.92474e-08
6.63985e-08
2.03242e-08
Process [11]
-3.76334e-07
6.81855e-07
1.28471e-06
1.10221e-06
-1.0779e-06
-1.23738e-05
-1.44193e-05
1.35096e-06
1.54362e-06
1.22774e-06
4.29293e-07
-2.07166e-06
-1.00924e-05
-2.24343e-05
1.35568e-07
-1.53922e-07
2.36448e-06
-8.0562e-07
-5.5056e-06
-1.07335e-05
-1.60718e-05
-1.50346e-05
1.60166e-07
-5.24568e-07
9.35057e-07
5.35696e-06
1.01349e-05
5.11123e-06
-2.23992e-06
9.37681e-09
4.22501e-06
1.04016e-05
1.87812e-05
2.40418e-05
-2.14406e-06
-1.4814e-07
1.97022e-06
3.88216e-06
4.22811e-06
-2.0185e-06
-8.65375e-08
1.89892e-06
1.57405e-06
1.16074e-06
7.28382e-07
-2.83191e-07
-3.33868e-06
-1.68344e-05
1.16952e-06
9.07625e-07
8.20513e-07
9.48355e-07
9.23703e-07
1.67169e-06
8.65292e-06
6.97091e-07
5.209e-07
5.862e-07
7.47998e-07
7.29423e-07
2.02353e-06
1.42015e-05
1.46755e-06
1.78002e-07
3.54708e-07
4.1189e-07
1.10778e-07
9.05544e-07
6.64848e-06
-5.1516e-07
9.35327e-08
2.51917e-07
9.48747e-08
-6.65507e-07
-4.13329e-07
7.3567e-07
-2.00236e-06
1.05585e-07
9.23523e-08
-2.84349e-07
-1.16352e-06
-1.00514e-06
-1.99798e-06
-2.49823e-06
1.65866e-08
-9.33213e-08
-4.62879e-07
-1.11855e-06
-1.34936e-06
-2.12912e-06
-2.03054e-06
Process [12]
7.61795e-09
7.18452e-09
1.08332e-08
1.28702e-08
1.80589e-08
2.31793e-08
2.85793e-08
3.22266e-08
3.80245e-08
3.68742e-08
3.00959e-08
3.36306e-09
2.68678e-09
7.03486e-09
7.7249e-09
1.34901e-08
2.09738e-08
2.91302e-08
3.70263e-08
4.83312e-08
5.77626e-08
6.35588e-08
2.44862e-08
3.28217e-08
3.0369e-08
3.27539e-08
3.19497e-08
2.68872e-08
2.06574e-08
9.21794e-09
1.00648e-09
-1.68008e-08
4.54084e-08
2.17868e-08
2.71785e-08
2.72672e-08
3.07791e-08
3.17595e-08
3.027e-08
2.80754e-08
2.18018e-08
1.77905e-08
1.86869e-08
3.96816e-08
1.5419e-08
1.84836e-08
1.99902e-08
2.33411e-08
2.53383e-08
2.63915e-08
2.74563e-08
2.66953e-08
2.7565e-08
3.63372e-08
3.30382e-09
1.06408e-08
1.29018e-08
1.4251e-08
1.68948e-08
1.90203e-08
2.01469e-08
2.15776e-08
2.23757e-08
2.39589e-08
2.89399e-08
-1.57732e-08
9.77163e-09
1.16937e-08
1.28558e-08
1.5229e-08
1.74087e-08
1.82786e-08
1.90224e-08
1.82932e-08
1.82985e-08
1.10966e-08
-1.63302e-08
9.73564e-09
1.04722e-08
1.26168e-08
1.49025e-08
1.81146e-08
2.02362e-08
2.19278e-08
2.1375e-08
2.15653e-08
9.52006e-09
-6.86056e-09
Process [13]
4.82668e-07
2.83068e-06
8.23849e-07
-1.97773e-07
-1.36515e-08
-2.69961e-07
1.88029e-07
-1.781e-07
4.78926e-07
2.43659e-06
3.3706e-07
-3.37666e-07
-4.02301e-08
-2.6687e-07
3.18689e-07
-2.90619e-07
-8.14156e-06
-2.04657e-06
-4.24713e-06
-2.13771e-06
-6.59411e-07
-7.66923e-07
-7.49968e-07
-3.83211e-07
-3.05639e-07
-2.65418e-07
3.96876e-07
2.57161e-08
1.43024e-05
7.78745e-06
5.19896e-06
2.71727e-06
8.47176e-07
2.47027e-07
-2.95383e-08
-2.19851e-07
4.246e-07
4.73628e-08
3.86649e-07
2.04662e-06
2.14553e-06
9.35229e-07
4.1208e-07
1.53299e-07
-1.67175e-07
4.25691e-07
5.93719e-08
-6.2272e-06
-1.9252e-06
4.59586e-07
1.3947e-07
-2.78782e-08
2.21043e-08
-2.26935e-07
3.59125e-07
6.49401e-08
-6.75837e-06
-2.54806e-06
5.28485e-07
1.46998e-07
-2.03509e-07
-6.09429e-08
-2.74666e-07
2.83224e-07
3.80581e-08
-4.77346e-06
-2.56295e-06
9.4317e-07
4.04176e-07
-2.29264e-07
-8.04409e-08
-2.86672e-07
1.74912e-07
4.03734e-08
-6.53673e-07
-1.4281e-06
1.88856e-06
6.78331e-07
-2.42907e-07
-6.6327e-08
-2.82049e-07
1.37339e-07
-8.66894e-09
1.06229e-08
1.45356e-06
-3.62096e-07
-5.48585e-07
-1.30381e-07
-2.76718e-07
4.51111e-07
-4.11448e-07
Process [14]
4.53633e-09
-1.46846e-07
-3.44782e-07
-5.17534e-07
-8.55907e-07
-1.03917e-06
-1.00387e-06
-3.05685e-07
7.9302e-08
7.00825e-08
1.24794e-07
2.96282e-07
1.22588e-07
-2.5348e-08
-6.23387e-08
2.25013e-08
1.61448e-07
3.1665e-07
5.31462e-07
7.60424e-07
6.94707e-07
5.25591e-07
3.97626e-07
2.75777e-07
1.69886e-08
2.56812e-07
5.05425e-07
7.10167e-07
7.64212e-07
6.83106e-07
5.61936e-07
4.50492e-07
-2.9266e-07
-8.80525e-08
1.86404e-07
4.0712e-07
5.12407e-07
5.40479e-07
5.2188e-07
5.52919e-07
-5.89715e-07
-4.37293e-07
-1.99417e-07
1.95128e-08
1.73068e-07
3.02685e-07
4.1226e-07
5.95345e-07
-7.69069e-07
-7.05536e-07
-5.26938e-07
-3.16414e-07
-1.23131e-07
9.04678e-08
3.14553e-07
6.14493e-07
-8.28278e-07
-8.74515e-07
-7.7025e-07
-5.79358e-07
-3.73607e-07
-1.21059e-07
1.70608e-07
5.28988e-07
-6.86756e-07
-8.59556e-07
-8.32246e-07
-6.78611e-07
-4.84301e-07
-2.29203e-07
9.66621e-08
4.65102e-07
7.94452e-07
-5.02385e-07
-7.94864e-07
-8.69378e-07
-7.63517e-07
-6.08522e-07
-3.69499e-07
-6.7628e-08
2.86499e-07
6.38591e-07
-1.49406e-07
-5.79628e-07
-7.26942e-07
-7.01824e-07
-5.94944e-07
-4.22439e-07
-1.62369e-07
1.36405e-07
4.9298e-07
Process [15]
2.80946e-08
1.94979e-08
1.7794e-08
1.78584e-08
3.43368e-08
4.05413e-08
5.45535e-08
6.36779e-08
6.92463e-08
6.78422e-08
6.19981e-08
3.40014e-08
-3.61628e-08
1.90837e-08
4.31505e-09
-8.61817e-09
-3.27967e-09
7.29724e-09
1.57888e-08
3.39948e-08
4.9221e-08
6.0856e-08
6.07349e-08
5.31588e-08
5.26511e-08
-6.85746e-09
-3.14513e-08
-3.24942e-08
-5.44521e-08
-2.05823e-08
7.81494e-08
1.905e-07
-2.54163e-08
-4.25723e-09
-5.20422e-08
-1.77372e-08
3.62446e-08
7.43652e-08
2.47154e-09
2.95921e-08
-2.4616e-08
-6.58356e-09
1.89374e-08
9.07896e-09
4.89022e-08
5.1455e-08
5.44768e-08
4.79168e-08
6.10705e-08
5.9695e-08
6.16717e-08
5.68937e-08
4.66426e-08
3.31492e-08
3.38616e-08
4.14527e-08
-3.49797e-08
2.48657e-08
-3.89131e-09
-2.55229e-08
-1.47864e-08
-9.76543e-09
-3.35919e-10
1.80741e-08
3.55012e-08
5.11035e-08
4.98783e-08
1.79137e-08
3.60627e-10
1.53812e-08
1.5617e-08
-1.62047e-08
-4.37496e-08
-3.06062e-08
-2.77915e-08
-1.79757e-08
8.49433e-10
1.97421e-08
3.48036e-08
2.88019e-08
8.07818e-09
1.21787e-08
-3.43354e-08
1.85213e-08
-1.7752e-09
-3.16286e-08
-5.63838e-09
-8.74578e-09
Process [16]
-1.76293e-08
-2.10689e-08
-1.7884e-08
-2.41662e-08
-2.23104e-08
-1.89149e-08
-1.59629e-08
-1.15145e-08
-8.15164e-09
6.2114e-09
1.13818e-08
-1.85854e-08
-2.03492e-08
-1.95288e-08
-2.3995e-08
-2.2472e-08
-2.0854e-08
-1.86486e-08
-1.59303e-08
-1.36063e-08
-2.11706e-10
7.19421e-09
-4.10567e-10
-8.15603e-10
4.42598e-09
2.73575e-09
8.17632e-09
1.69165e-08
2.59308e-08
3.53089e-08
4.97633e-08
6.33521e-08
7.57807e-08
-6.13386e-09
-6.27275e-09
-1.12093e-09
-6.05704e-09
-2.14627e-09
5.82098e-09
1.34244e-08
2.18366e-08
3.40068e-08
4.79931e-08
5.29154e-08
-7.86903e-09
-8.13976e-09
-3.18489e-09
-1.01857e-08
-8.31935e-09
-1.53825e-09
3.0383e-09
1.05928e-08
1.53133e-08
3.50938e-08
2.71486e-08
-1.13807e-08
-1.37028e-08
-8.4367e-09
-1.63587e-08
-1.50455e-08
-9.05909e-09
-5.68711e-09
-3.79347e-11
1.27927e-09
1.73356e-08
6.18308e-09
-1.51908e-08
-1.89713e-08
-1.41165e-08
-2.17437e-08
-2.00316e-08
-1.5023e-08
-1.17631e-08
-6.3093e-09
-4.6233e-09
1.08714e-08
1.63873e-09
-1.31279e-08
-1.22304e-08
-1.44454e-08
-1.69493e-08
-1.71883e-08
-1.64954e-08
-1.49061e-08
-1.21431e-08
-1.12458e-08
5.61958e-09
1.33037e-08
Process [17]
-8.826e-08
-8.69336e-08
-3.42386e-08
3.49694e-08
2.35417e-07
5.0299e-07
6.43671e-07
5.86905e-07
3.24682e-07
1.11791e-07
7.97117e-08
-6.77491e-08
-6.81999e-08
-4.70123e-08
1.27375e-07
3.92266e-07
6.28207e-07
7.18765e-07
5.85232e-07
2.59387e-07
-6.9357e-08
-1.58968e-07
9.33536e-08
4.90842e-08
-1.14216e-07
-2.75982e-07
-3.28998e-07
-1.54886e-07
6.99159e-09
2.1789e-07
5.73538e-07
4.59753e-07
2.33834e-07
6.23798e-10
-4.84155e-08
-1.87168e-07
-2.89549e-07
-3.34359e-07
-1.64463e-07
1.91649e-09
1.61065e-07
3.37589e-07
1.78267e-07
2.41556e-08
-8.28896e-08
-1.58657e-08
-1.72142e-07
-4.15027e-07
-3.86942e-07
3.1291e-08
1.06976e-07
1.02622e-07
2.67973e-07
2.08579e-07
8.13876e-08
-1.45339e-08
-1.11778e-07
-3.46001e-07
-2.67945e-07
-6.95536e-08
2.22435e-08
2.36455e-07
3.77127e-07
3.37338e-07
2.14053e-07
6.08122e-08
-8.47202e-08
-1.25972e-07
-1.61857e-07
-1.47858e-07
-8.2092e-08
2.38156e-07
5.52136e-07
5.37531e-07
4.23558e-07
2.88383e-07
8.32223e-08
-2.96118e-08
-1.54735e-07
-1.79003e-07
-1.25653e-08
1.16535e-07
3.55366e-07
6.01662e-07
5.81971e-07
3.77612e-07
2.37568e-07
1.29289e-07
Process [18]
-6.22139e-09
-1.40409e-08
-4.0158e-08
1.55132e-09
1.28573e-08
3.03467e-08
3.7473e-08
3.52544e-08
2.62617e-08
-1.9995e-08
-6.55266e-08
-9.71654e-08
-3.06416e-08
-4.07741e-08
-7.49744e-08
-2.32251e-08
-3.27342e-09
2.91499e-08
5.44782e-08
6.88378e-08
5.5518e-08
1.1389e-08
-3.81055e-08
-7.65301e-08
2.23266e-09
2.92196e-09
-9.45273e-09
2.40845e-09
-7.20613e-09
-1.45348e-08
-5.29669e-08
-8.36332e-08
-4.48897e-08
-6.72031e-08
-9.98102e-08
-5.46633e-08
-3.39419e-08
5.63163e-09
4.34456e-08
6.66107e-08
7.22689e-08
4.29224e-08
-7.63968e-09
-7.02902e-08
-2.65206e-08
-7.13495e-08
-1.08306e-07
-7.37089e-08
-6.07008e-08
-2.66982e-08
1.10748e-08
4.67454e-08
6.58798e-08
4.77096e-08
3.80442e-09
-4.84168e-08
-2.51069e-09
-6.72468e-08
-9.89198e-08
-6.68097e-08
-5.28062e-08
-2.02121e-08
1.30371e-08
3.68565e-08
3.26085e-08
1.68375e-09
-3.697e-08
4.05757e-08
-4.34102e-08
-8.03321e-08
-6.27052e-08
-6.05663e-08
-3.45832e-08
-9.06886e-09
8.15179e-09
1.15088e-08
-1.18721e-08
-2.68154e-08
7.02232e-08
-3.56308e-08
-7.91905e-08
-6.85395e-08
-6.99177e-08
-5.67016e-08
-4.1086e-08
-1.76801e-08
-1.06188e-08
-2.41537e-08
-2.07093e-08
Process [19]
-8.59025e-07
4.35054e-08
5.51215e-07
-3.55272e-07
8.32826e-07
6.05541e-07
-2.57277e-07
-9.17393e-07
9.31236e-08
7.86119e-07
1.19979e-07
-4.111e-07
4.64536e-07
-8.47637e-07
-6.67554e-07
-2.50444e-07
-2.79868e-07
5.16889e-07
-5.60608e-07
-5.21133e-07
-2.50371e-07
-1.06276e-06
-6.96686e-07
-4.05751e-07
-2.82524e-07
4.78714e-07
-7.5298e-07
-4.25588e-07
-9.3686e-07
-6.42582e-07
-5.4838e-07
-2.66221e-07
3.90106e-07
-9.26509e-07
-2.31582e-07
-6.08039e-07
-5.15733e-07
-6.22533e-07
-2.00627e-07
2.99467e-07
-1.01736e-06
5.78648e-08
-2.41421e-07
-3.96512e-07
-6.78373e-07
-1.27259e-07
2.57737e-07
-1.00513e-06
3.53653e-07
1.00596e-07
-3.00931e-07
-7.10317e-07
-4.68204e-08
2.66804e-07
-8.8528e-07
5.9243e-07
3.41454e-07
-2.56144e-07
-7.46781e-07
6.24504e-08
4.04917e-07
-6.1906e-07
7.26624e-07
4.80506e-07
-2.88535e-07
8.15299e-07
6.07766e-07
-3.10019e-07
-1.0695e-06
-3.48953e-08
1.01437e-06
5.95395e-07
6.956e-07
-2.39897e-07
-1.1853e-06
-2.59607e-07
1.14368e-06
9.78425e-07
6.98893e-07
-1.17967e-07
-1.2441e-06
-4.90027e-07
1.21618e-06
1.7617e-06
7.18383e-07
3.93423e-08
-1.3744e-06
-1.13801e-06
9.65864e-07
1.92751e-06
Process [20]
-3.31487e-08
-4.07863e-08
-3.23171e-08
-3.03918e-08
-2.27309e-08
-1.58047e-08
-9.21359e-09
-4.56984e-09
-2.25768e-09
-1.36347e-09
-1.28612e-08
-7.10636e-09
1.31061e-08
-4.48412e-08
-5.04176e-08
-4.10675e-08
-3.65187e-08
-2.63481e-08
-1.70995e-08
-7.80269e-09
-4.48606e-11
5.94608e-09
1.12106e-08
3.62269e-09
1.49633e-08
5.1825e-08
-7.67078e-09
-7.44618e-09
-1.06549e-08
-1.42499e-08
-1.7881e-08
-2.09715e-08
-2.48144e-08
-2.77156e-08
-2.89526e-08
-3.39405e-08
-1.79589e-08
-1.36357e-08
-6.31423e-09
-8.81518e-09
-9.82955e-09
-1.31946e-08
-1.59032e-08
-1.8662e-08
-2.27252e-08
-2.75308e-08
-3.15583e-08
-4.3341e-08
-2.95378e-08
-3.01289e-08
-9.93577e-09
-1.55246e-08
-1.31717e-08
-1.53683e-08
-1.52547e-08
-1.51036e-08
-1.64813e-08
-1.95478e-08
-2.30297e-08
-3.66638e-08
-3.04709e-08
-3.55613e-08
-1.96012e-08
-2.7362e-08
-2.12177e-08
-2.16495e-08
-1.75071e-08
-1.35558e-08
-1.07967e-08
-1.00739e-08
-1.02162e-08
-2.19553e-08
-1.73111e-08
-1.31686e-08
-4.80686e-08
-5.04612e-08
-4.30502e-08
-3.59791e-08
-2.47429e-08
-1.43297e-08
-3.3117e-09
6.25887e-09
1.45425e-08
2.24404e-08
1.8141e-08
3.25853e-08
8.40951e-08
-3.27074e-08
8.28442e-08
Process [21]
-1.73279e-07
-2.30539e-07
-1.06208e-07
1.29045e-07
5.5741e-07
9.97613e-07
1.25115e-06
1.13565e-06
6.49137e-07
1.93421e-08
-7.64384e-08
-2.17071e-07
-2.83088e-07
-2.22886e-07
-2.04816e-08
3.66183e-07
8.50577e-07
1.23212e-06
1.31316e-06
9.87194e-07
4.24284e-07
-8.71923e-08
-1.02035e-07
-2.92854e-08
1.99314e-07
4.72166e-07
7.26336e-07
8.13398e-07
6.23253e-07
2.11436e-07
-2.13307e-07
-3.86253e-07
-1.03612e-07
-1.20775e-07
-3.31772e-08
1.91536e-07
4.98388e-07
7.95867e-07
9.13345e-07
7.18048e-07
2.49013e-07
-2.71406e-07
-5.76218e-07
-9.96518e-08
-1.33315e-07
-7.21839e-08
1.50727e-07
4.80803e-07
8.29775e-07
1.01666e-06
8.782e-07
4.10251e-07
-1.81421e-07
-6.22349e-07
-8.9879e-08
-1.53999e-07
-1.26394e-07
7.66744e-08
4.06816e-07
7.99905e-07
1.07781e-06
1.04474e-06
6.39042e-07
1.82908e-08
-5.38239e-07
-8.38322e-08
-1.79445e-07
-1.79594e-07
-1.84205e-08
2.96685e-07
7.18333e-07
1.09113e-06
1.20289e-06
9.248e-07
3.42998e-07
-2.72903e-07
-4.34867e-08
-9.78879e-08
-2.3998e-07
-3.48143e-07
-3.31732e-07
-1.91361e-07
1.38449e-07
6.12856e-07
1.09237e-06
1.33691e-06
1.22475e-06
-1.1484e-07
-2.36434e-07
Process [22]
7.48436e-07
1.83457e-07
-3.01943e-07
-5.67175e-07
-6.16685e-07
-5.66074e-07
-4.38385e-07
-2.48858e-07
1.07317e-06
5.14157e-07
-1.64869e-08
-3.79072e-07
-5.17431e-07
-5.4034e-07
-4.79231e-07
-3.80527e-07
1.29235e-06
8.62208e-07
3.27842e-07
-7.63779e-08
-2.96944e-07
-3.86396e-07
-3.98043e-07
-3.91598e-07
1.35251e-06
1.08484e-06
5.96053e-07
1.75296e-07
-1.17311e-07
-2.62788e-07
-3.36312e-07
-3.9288e-07
1.28934e-06
1.19715e-06
7.97317e-07
3.91567e-07
5.07142e-08
-1.44628e-07
-2.70656e-07
-3.96317e-07
1.20621e-06
1.29343e-06
1.02835e-06
6.76234e-07
3.11249e-07
6.66407e-08
-1.15783e-07
-3.18138e-07
9.56094e-07
1.18547e-06
1.05089e-06
7.8044e-07
4.27096e-07
1.82323e-07
-2.00631e-08
-2.43904e-07
6.64752e-07
9.75694e-07
9.52009e-07
7.6128e-07
4.30134e-07
1.72422e-07
-4.68838e-08
-2.66233e-07
6.79088e-07
1.07539e-06
1.22005e-06
1.16516e-06
9.00167e-07
6.39966e-07
3.89029e-07
5.85721e-08
7.08817e-08
3.17635e-07
3.71044e-07
2.64843e-07
2.53408e-08
-1.56823e-07
-2.99245e-07
-4.28553e-07
-2.07036e-07
2.9294e-08
1.75653e-07
2.06926e-07
2.85049e-08
-2.98451e-08
-6.49998e-08
3.26231e-08
Process [23]
7.21531e-08
3.64088e-08
4.39386e-08
8.04272e-08
7.93388e-08
7.24605e-08
3.84537e-08
-2.83634e-08
-7.9792e-08
2.86851e-08
1.95345e-08
3.75695e-08
8.16186e-08
9.78849e-08
1.095e-07
9.15123e-08
4.6057e-08
-4.39056e-09
6.51841e-08
-3.7837e-08
-4.84962e-08
-3.60919e-08
-3.86859e-08
-4.38237e-08
-7.2135e-08
-7.96195e-08
1.01512e-07
3.3759e-08
2.05876e-08
3.61671e-08
2.73834e-08
3.56444e-09
-2.85311e-08
-4.73837e-08
2.76105e-08
3.19768e-08
5.48234e-08
1.00823e-07
1.18659e-07
1.21097e-07
9.27429e-08
5.79558e-08
1.25393e-08
1.625e-08
4.50979e-08
9.28108e-08
1.1943e-07
1.34567e-07
1.2206e-07
1.06828e-07
-2.07507e-09
3.63116e-09
3.40221e-08
8.09517e-08
1.13164e-07
1.37356e-07
1.35613e-07
1.35563e-07
-2.15369e-08
-1.36343e-08
2.03067e-08
6.61515e-08
1.04206e-07
1.3763e-07
1.4624e-07
1.57068e-07
-3.56919e-08
-2.98726e-08
4.65363e-09
4.923e-08
9.36077e-08
1.35572e-07
1.54375e-07
1.73225e-07
-5.82961e-08
-5.16498e-08
-1.7478e-08
2.57746e-08
7.51677e-08
1.27295e-07
1.59747e-07
1.89525e-07
-5.80418e-08
-6.27438e-08
-3.04336e-08
1.07163e-08
6.84724e-08
1.33024e-07
1.85268e-07
2.28316e-07
Process [24]
-6.04537e-08
-6.89772e-08
-6.17218e-08
-5.36157e-08
-3.97913e-08
-2.72635e-08
-2.33058e-08
-1.15276e-08
7.01354e-09
-7.44262e-08
-8.73095e-08
-7.83107e-08
-6.87906e-08
-4.76617e-08
-3.68352e-08
-1.32467e-08
-1.9037e-09
1.00511e-07
-3.86044e-08
-5.86598e-08
-2.63412e-09
-7.89772e-09
2.63525e-08
1.05206e-07
-4.86037e-08
-4.57587e-08
-4.54698e-08
-3.91416e-08
-3.16938e-08
-2.31227e-08
-2.34794e-08
-1.11924e-09
3.9519e-08
-3.73265e-08
-3.85681e-08
-3.64952e-08
-3.16578e-08
-2.64891e-08
-2.04956e-08
-2.19476e-08
-1.24109e-08
1.87886e-08
-4.98568e-08
-5.55583e-08
-4.93495e-08
-4.25904e-08
-3.26123e-08
-2.32074e-08
-2.1989e-08
-1.03609e-08
1.87031e-08
-8.27558e-08
-9.76797e-08
-9.06836e-08
-8.0287e-08
-5.67939e-08
-4.23845e-08
-1.54839e-08
-1.2195e-08
-8.63804e-08
-1.02053e-07
-9.75196e-08
-8.66898e-08
-6.18576e-08
-4.52586e-08
-1.44556e-08
-1.49385e-08
-8.26113e-08
-9.74382e-08
-9.57623e-08
-8.55739e-08
-6.18073e-08
-4.35927e-08
-1.04537e-08
-9.29178e-09
-7.25725e-08
-8.45974e-08
-8.61075e-08
-7.76786e-08
-5.79302e-08
-3.98021e-08
-9.97804e-09
-1.23324e-08
-5.74417e-08
-6.37474e-08
-6.75522e-08
-6.32731e-08
-4.93838e-08
-3.2511e-08
-7.56637e-09
-1.93606e-09
Process [25]
-1.47003e-08
-8.43282e-09
-1.89965e-08
-1.03023e-08
-1.40456e-08
-1.3339e-08
-2.00333e-08
-1.62143e-08
-1.96399e-09
-1.70218e-08
-5.54392e-09
-1.57915e-08
-6.03089e-09
-9.14822e-09
-1.2252e-08
-2.10801e-08
-1.88929e-08
-1.46474e-08
1.23423e-07
4.25959e-08
1.78375e-08
4.81442e-08
3.00863e-08
4.55222e-08
8.94611e-08
3.81685e-08
1.36685e-09
-1.34281e-08
2.68082e-08
2.11653e-08
4.04555e-08
9.73321e-08
1.48383e-08
-2.73816e-08
-3.14946e-08
-8.43717e-09
-1.5042e-08
1.0801e-08
5.81291e-08
1.59188e-08
-2.37088e-08
-3.31995e-08
-1.7564e-08
-2.42943e-08
-8.09545e-09
1.82469e-08
2.85833e-09
-2.19221e-08
-2.94142e-08
-2.09182e-08
-2.38495e-08
-2.15268e-08
-8.73355e-09
1.28557e-08
-4.55022e-09
-1.12826e-08
-2.45961e-08
-1.28152e-08
-1.8042e-08
-1.77367e-08
-2.33379e-08
-1.3339e-08
7.85688e-09
-1.4318e-08
-1.11308e-09
-1.19453e-08
-3.21653e-09
-5.48586e-09
-9.6209e-09
-2.00376e-08
-2.20114e-08
-2.38331e-08
-1.65475e-08
1.53336e-09
-8.54568e-09
-1.33395e-09
-1.83158e-09
-6.94574e-09
-2.07585e-08
-2.74561e-08
-4.07026e-08
-9.88899e-09
3.99102e-09
-6.24691e-09
4.97748e-09
1.46634e-09
-3.55423e-09
-1.39951e-08
-2.58727e-08
-4.07963e-08
Process [26]
1.34749e-07
1.70538e-08
-1.32993e-07
-2.87003e-07
-4.46551e-07
-5.42465e-07
-5.03448e-07
-2.69893e-07
1.47433e-07
1.64274e-07
7.0271e-08
-5.739e-08
-1.90997e-07
-3.37862e-07
-4.42227e-07
-4.41788e-07
-2.75363e-07
1.28855e-07
-3.19802e-07
-4.04812e-07
-3.64575e-07
-9.93562e-08
3.38378e-07
8.63545e-07
1.25142e-06
1.34557e-06
-1.57619e-07
-3.43894e-07
-4.65127e-07
-4.68067e-07
-3.12864e-07
5.38464e-08
5.71453e-07
1.08127e-06
1.36182e-06
-8.89536e-08
-2.75589e-07
-4.38088e-07
-5.0939e-07
-4.56779e-07
-1.96352e-07
2.58952e-07
8.10129e-07
1.22853e-06
-1.19743e-08
-1.90595e-07
-3.73866e-07
-4.98359e-07
-5.36239e-07
-3.9009e-07
-3.18624e-08
4.95282e-07
9.94883e-07
6.08275e-08
-9.80355e-08
-2.80492e-07
-4.32681e-07
-5.35222e-07
-4.88933e-07
-2.3684e-07
2.29858e-07
7.66878e-07
1.06778e-07
-2.80277e-08
-1.97045e-07
-3.57801e-07
-5.03907e-07
-5.4298e-07
-4.06974e-07
-4.45716e-08
4.52643e-07
1.86127e-07
1.0928e-07
1.50298e-09
-1.21972e-07
-2.64967e-07
-3.92107e-07
-4.67024e-07
-4.43893e-07
-2.54157e-07
2.38659e-07
1.73121e-07
7.70917e-08
-4.5207e-08
-1.88623e-07
-3.30183e-07
-4.49868e-07
-5.09975e-07
-4.45946e-07
Process [27]
-5.679e-07
-7.75015e-07
-9.24604e-07
5.40514e-07
2.96635e-06
2.49875e-06
-2.94837e-06
-1.17833e-06
1.64434e-07
1.52424e-07
-2.65506e-07
1.70639e-07
3.24861e-06
2.90998e-06
-3.65681e-06
1.35369e-05
-2.56841e-08
3.20824e-07
7.37436e-07
3.54789e-07
-1.2053e-06
-1.47147e-06
7.00596e-07
2.50741e-06
-2.4802e-07
6.56377e-08
6.37296e-07
5.83418e-07
-1.1169e-06
-2.18382e-06
-5.9385e-08
2.68986e-06
-3.65852e-07
-1.37351e-07
5.56924e-07
9.444e-07
-6.82708e-07
-2.4628e-06
-8.9417e-07
2.21121e-06
-4.62229e-07
-3.46952e-07
4.01323e-07
1.14627e-06
-1.6112e-07
-2.77442e-06
-1.74869e-06
2.66154e-06
-5.6844e-07
-5.8931e-07
6.61919e-08
1.27632e-06
3.48724e-07
-2.85381e-06
-2.68408e-06
1.05521e-06
-5.66907e-07
-7.2789e-07
-1.64294e-07
1.37113e-06
1.13518e-06
-1.8655e-06
-3.36296e-06
6.27154e-07
-5.38063e-07
-8.55841e-07
-5.53047e-07
9.74607e-07
1.75797e-06
-1.84638e-06
-4.52135e-06
-3.43882e-07
-5.57995e-07
-9.06699e-07
-8.35684e-07
1.06123e-06
2.58589e-06
-4.7327e-07
-3.05183e-06
-4.23097e-08
-3.56146e-07
-9.51119e-07
-1.41062e-06
-7.93833e-08
1.89398e-06
9.78863e-08
-3.90646e-06
-6.33305e-06
