Vec Object: 28 MPI processes
  type: mpi
Process [0]
-5.73712e-07
-5.5964e-07
-5.03755e-07
-3.6761e-07
-2.00658e-07
-6.49442e-08
1.04332e-08
3.41647e-08
2.87601e-08
1.01475e-08
-1.2384e-08
3.14837e-08
4.1303e-08
4.81186e-08
5.02429e-08
5.04986e-08
5.12845e-08
5.37025e-08
5.80824e-08
5.45526e-08
1.06056e-08
5.06661e-08
5.87303e-08
6.34005e-08
6.34948e-08
6.25045e-08
6.26772e-08
6.48126e-08
6.90444e-08
6.65157e-08
1.64025e-08
5.76606e-08
6.50743e-08
7.00805e-08
7.10171e-08
7.12033e-08
7.26302e-08
7.60385e-08
8.16541e-08
7.96238e-08
2.04456e-08
6.27354e-08
6.94548e-08
7.50127e-08
7.71614e-08
7.88548e-08
8.17579e-08
8.65465e-08
9.35414e-08
8.92576e-08
2.23159e-08
6.53853e-08
7.15258e-08
7.79686e-08
8.18074e-08
8.54618e-08
9.02122e-08
9.66677e-08
1.05264e-07
9.96947e-08
2.45268e-08
6.82463e-08
7.40063e-08
8.15074e-08
8.72863e-08
9.32182e-08
1.00213e-07
1.08812e-07
1.19561e-07
1.09654e-07
2.41741e-08
6.82794e-08
7.3938e-08
8.28334e-08
9.09545e-08
9.95353e-08
1.09093e-07
1.2009e-07
1.33176e-07
1.20383e-07
2.34884e-08
6.82929e-08
7.44706e-08
8.53725e-08
9.66433e-08
1.08977e-07
1.22634e-07
1.38138e-07
1.56438e-07
1.39993e-07
Process [1]
1.45036e-06
7.43271e-07
5.55911e-07
7.46658e-07
8.4425e-07
4.81319e-07
-4.66594e-06
7.99546e-05
1.36654e-06
5.87976e-07
4.95728e-07
8.88579e-07
1.14116e-06
7.3334e-07
-6.4602e-06
7.44368e-05
9.29111e-07
6.41672e-08
1.07137e-07
7.73494e-07
1.3002e-06
9.64513e-07
-7.44967e-06
6.7716e-05
2.0297e-07
-7.71934e-07
-5.92498e-07
3.91223e-07
1.28809e-06
1.14959e-06
-7.7245e-06
5.99038e-05
-6.26978e-07
-1.76402e-06
-1.51824e-06
-2.01168e-07
1.10413e-06
1.26187e-06
-7.45836e-06
5.12194e-05
-1.31481e-06
-2.66215e-06
-2.47061e-06
-9.29296e-07
7.80388e-07
1.2994e-06
-6.84229e-06
4.20369e-05
-1.68017e-06
-3.23865e-06
-3.27062e-06
-1.64568e-06
3.90009e-07
1.28632e-06
-6.03873e-06
3.28893e-05
-1.71034e-06
-3.43551e-06
-3.69621e-06
-2.196e-06
2.85572e-08
1.26041e-06
-5.16052e-06
2.43968e-05
-2.05512e-06
-3.42988e-06
-3.7685e-06
-2.49884e-06
-2.24615e-07
1.26701e-06
-4.28599e-06
1.71431e-05
-3.15681e-06
-3.55978e-06
-3.70733e-06
-2.58514e-06
-3.60231e-07
1.3571e-06
-3.45236e-06
1.15709e-05
-3.247e-06
-3.52536e-06
-3.5139e-06
-2.48107e-06
-3.40826e-07
1.52197e-06
-2.69012e-06
7.93051e-06
Process [2]
2.03691e-06
2.81377e-06
2.9838e-06
2.6678e-06
2.37503e-06
1.4349e-06
7.24443e-07
1.52738e-07
-1.06784e-07
-6.82124e-08
6.31421e-08
1.17386e-07
1.39312e-06
8.70021e-05
2.31295e-06
3.28021e-06
3.61034e-06
3.37036e-06
3.0754e-06
2.03168e-06
1.20874e-06
5.72041e-07
3.2863e-07
4.02525e-07
4.66655e-07
2.66726e-07
-2.00337e-06
8.41667e-05
1.80875e-06
2.19709e-06
2.0699e-06
1.60942e-06
1.21998e-06
3.85059e-07
-2.13835e-07
-6.6269e-07
-7.30011e-07
-2.70125e-07
7.11401e-07
2.07022e-06
1.63632e-05
8.85791e-05
1.37317e-06
1.74326e-06
1.53581e-06
9.29293e-07
3.59508e-07
-7.65378e-07
-1.76026e-06
-2.72504e-06
-3.41076e-06
-3.57103e-06
-3.02769e-06
-1.7586e-06
8.76732e-06
8.83496e-05
1.69201e-06
2.27974e-06
2.29241e-06
1.89519e-06
1.5797e-06
7.13786e-07
8.48907e-08
-4.34037e-07
-6.82478e-07
-6.22027e-07
-3.52606e-07
1.4285e-08
5.32343e-06
8.84316e-05
2.43432e-06
3.58267e-06
4.07063e-06
3.90012e-06
3.57753e-06
2.40366e-06
2.31888e-06
3.62808e-06
4.26622e-06
4.15918e-06
3.78915e-06
2.46278e-06
1.91897e-06
3.35987e-06
4.1394e-06
4.09403e-06
3.66791e-06
2.18523e-06
Process [3]
-4.42701e-07
-5.46633e-07
-6.29727e-07
-6.78547e-07
-6.63605e-07
-5.46238e-07
-2.82119e-07
1.68925e-07
8.24054e-07
1.66714e-06
-5.45943e-07
-6.82033e-07
-8.03852e-07
-8.96488e-07
-9.28207e-07
-8.55247e-07
-6.2408e-07
-1.81104e-07
5.05427e-07
1.43024e-06
9.24918e-08
1.19078e-07
1.62528e-07
2.2541e-07
3.13768e-07
4.38172e-07
6.14936e-07
8.62138e-07
1.18613e-06
1.58144e-06
-1.37831e-07
-1.5563e-07
-1.54746e-07
-1.29192e-07
-6.82034e-08
4.12029e-08
2.13806e-07
4.62649e-07
7.87883e-07
1.1741e-06
-2.14364e-07
-2.49702e-07
-2.63616e-07
-2.47321e-07
-1.84984e-07
-5.85069e-08
1.50627e-07
4.57277e-07
8.63175e-07
1.35483e-06
-2.83302e-07
-3.36649e-07
-3.67019e-07
-3.63128e-07
-3.03769e-07
-1.63958e-07
8.16881e-08
4.52732e-07
9.51956e-07
1.56224e-06
-3.57186e-07
-4.32993e-07
-4.86014e-07
-5.03108e-07
-4.58464e-07
-3.19931e-07
-5.30231e-08
3.70579e-07
9.58432e-07
1.69094e-06
-6.66711e-07
-8.41704e-07
-1.00955e-06
-1.15654e-06
-1.25023e-06
-1.24366e-06
-1.07624e-06
-6.82622e-07
-1.22763e-08
9.47522e-07
-8.04302e-07
-1.0216e-06
-1.23966e-06
-1.44813e-06
-1.61711e-06
-1.69693e-06
-9.57376e-07
-1.21424e-06
-1.48212e-06
-1.7514e-06
-1.99672e-06
Process [4]
4.42517e-08
-9.00368e-09
1.1162e-08
3.16582e-08
5.33014e-08
1.85602e-07
2.03192e-07
1.51614e-07
5.24253e-08
-5.35384e-09
1.21799e-08
3.31109e-08
6.04018e-08
-8.91841e-07
2.26171e-07
1.58848e-07
-4.61529e-08
-1.02314e-07
4.1803e-07
4.39395e-07
4.39365e-07
4.13501e-07
3.63411e-07
2.70963e-07
1.47216e-08
-1.87278e-08
-5.28105e-07
6.5054e-08
8.74399e-08
1.04378e-07
1.1192e-07
7.63342e-08
2.57312e-08
-1.14861e-08
-1.22119e-09
7.14397e-08
9.19845e-08
1.07271e-07
1.13496e-07
7.43394e-08
3.73118e-08
-3.39204e-10
1.23134e-08
9.4879e-08
1.16732e-07
1.32195e-07
1.37799e-07
9.41391e-08
4.05931e-08
3.19981e-10
1.41181e-08
-6.85408e-07
1.27519e-07
1.46339e-07
1.54572e-07
1.07995e-07
4.39719e-08
-8.87061e-10
1.47687e-08
3.06276e-08
1.39973e-07
1.62879e-07
1.73572e-07
1.2302e-07
4.39306e-08
-3.83524e-09
1.40706e-08
3.22346e-08
-8.13369e-07
1.73677e-07
1.87874e-07
1.3162e-07
7.56572e-08
7.58173e-08
1.04524e-07
-7.5969e-07
1.58997e-07
8.08687e-08
1.09596e-07
1.41039e-07
1.77744e-07
1.89266e-07
7.61555e-08
1.17175e-07
1.56146e-07
2.02683e-07
-5.08642e-07
Process [5]
7.10334e-08
5.44385e-08
-2.35172e-08
-1.17703e-07
-2.2955e-07
-3.64591e-07
-5.28533e-07
-7.25514e-07
8.38554e-08
4.95803e-08
-4.04033e-08
-1.48067e-07
-2.75172e-07
-4.27872e-07
-6.12666e-07
-8.38635e-07
1.94853e-07
1.6788e-07
1.35205e-07
1.13097e-07
9.70897e-08
8.55192e-08
7.95218e-08
8.13644e-08
3.79223e-08
3.8146e-08
2.07315e-08
1.62495e-09
-2.10624e-08
-4.81897e-08
-7.85699e-08
-1.09139e-07
3.18847e-08
2.85729e-08
5.07432e-09
-2.02399e-08
-4.96233e-08
-8.48501e-08
-1.25699e-07
-1.69451e-07
4.75287e-08
4.10681e-08
8.92258e-09
-2.57579e-08
-6.50488e-08
-1.1107e-07
-1.64175e-07
-2.21925e-07
5.84985e-08
5.21058e-08
1.35295e-08
-2.92835e-08
-7.82819e-08
-1.35849e-07
-2.02749e-07
-2.76526e-07
6.85572e-08
6.10974e-08
1.60958e-08
-3.50081e-08
-9.42235e-08
-1.64426e-07
-2.4704e-07
-3.39147e-07
6.98246e-08
6.2772e-08
1.15213e-08
-4.79227e-08
-1.17722e-07
-2.01424e-07
-3.01354e-07
-4.15584e-07
8.31839e-08
5.84025e-08
4.12281e-10
-6.82166e-08
-1.49726e-07
-2.48368e-07
-3.67485e-07
-5.05573e-07
7.7614e-08
6.19897e-08
-6.91411e-09
-8.86699e-08
-1.85521e-07
-3.02471e-07
-4.44067e-07
-6.09994e-07
Process [6]
-6.17756e-08
-1.12556e-08
-3.34087e-09
1.21125e-08
2.95327e-08
4.73966e-08
6.46025e-08
8.1037e-08
9.75038e-08
1.15141e-07
1.3491e-07
1.57565e-07
1.18866e-07
-6.31141e-08
-7.94857e-09
-8.1379e-10
1.38015e-08
3.09393e-08
4.91956e-08
6.74645e-08
8.55017e-08
1.0395e-07
1.23874e-07
1.46303e-07
1.72201e-07
9.6012e-08
-2.88924e-08
1.65147e-08
2.43881e-08
3.88201e-08
5.39139e-08
6.87736e-08
8.27491e-08
9.59546e-08
1.09121e-07
1.22931e-07
1.34774e-07
1.4444e-07
1.209e-07
-5.12917e-08
-4.07365e-09
4.14971e-09
1.96798e-08
3.65257e-08
5.32821e-08
6.89868e-08
8.36611e-08
9.81664e-08
1.13557e-07
1.30566e-07
1.49641e-07
1.18836e-07
-6.33939e-08
-3.35539e-09
2.60839e-09
1.58977e-08
3.19532e-08
4.95637e-08
6.76776e-08
8.59138e-08
1.04667e-07
1.24788e-07
1.47218e-07
1.73e-07
1.41822e-07
-5.48701e-08
9.08793e-09
1.40432e-08
2.62912e-08
4.13205e-08
5.8209e-08
7.60562e-08
9.43949e-08
1.13345e-07
1.3344e-07
1.55403e-07
1.80207e-07
1.49713e-07
-4.12918e-08
2.35531e-08
2.76056e-08
3.93529e-08
5.36767e-08
6.99175e-08
8.73227e-08
1.05335e-07
1.23749e-07
1.42668e-07
1.62419e-07
1.86354e-07
1.62821e-07
Process [7]
-1.35636e-06
-1.71645e-06
-2.08836e-06
-2.48811e-06
-2.90546e-06
-3.328e-06
-3.73996e-06
-4.11586e-06
-4.41758e-06
-4.44803e-06
-4.14636e-06
-2.79978e-06
-9.60959e-07
3.08525e-07
1.09179e-06
3.39794e-08
-1.48982e-06
-1.88041e-06
-2.2813e-06
-2.7318e-06
-3.25472e-06
-3.90801e-06
-4.82111e-06
-6.19132e-06
-7.92568e-06
-9.56633e-06
-1.10346e-05
-1.07746e-05
-8.40381e-06
-5.42959e-06
-2.37237e-06
-1.46667e-06
-1.61518e-06
-1.30292e-06
-7.02405e-07
2.4168e-07
1.25527e-06
2.79453e-06
3.72171e-06
3.75412e-06
3.28818e-06
1.65892e-06
-2.16054e-06
-2.17922e-06
-1.9887e-06
-1.49622e-06
-6.23697e-07
3.78323e-07
1.98913e-06
3.08517e-06
3.23964e-06
2.78368e-06
1.02766e-06
-1.10522e-06
-1.39804e-06
-1.7101e-06
-2.03343e-06
-2.33983e-06
-2.59061e-06
-2.72861e-06
-2.67286e-06
-2.32936e-06
-1.58777e-06
-6.64951e-07
9.74846e-07
2.27278e-06
2.62651e-06
2.29549e-06
5.04979e-07
-1.23784e-06
-1.56421e-06
-1.90975e-06
-2.27591e-06
-2.64189e-06
-2.97514e-06
-3.22947e-06
-3.33567e-06
-3.1985e-06
-2.67508e-06
-1.93253e-06
-3.39269e-07
1.20164e-06
1.87634e-06
1.88113e-06
2.48504e-07
-1.14933e-05
-1.08247e-05
-1.04493e-05
-9.58406e-06
-6.57833e-06
-4.18399e-06
Process [8]
-1.63752e-06
-2.08998e-06
-2.57302e-06
-3.17896e-06
-4.01445e-06
-5.28383e-06
-7.25934e-06
-9.67687e-06
-1.92844e-06
-2.516e-06
-3.23063e-06
-4.24147e-06
-5.74194e-06
-7.88715e-06
-1.00563e-05
-1.11081e-05
-2.48038e-06
-3.31417e-06
-4.41001e-06
-5.93239e-06
-7.92629e-06
-9.91105e-06
-1.09437e-05
-1.05239e-05
-2.42374e-06
-3.33196e-06
-4.48092e-06
-5.98834e-06
-7.89248e-06
-9.91487e-06
-1.13772e-05
-1.15251e-05
-1.00926e-05
-3.1324e-06
-4.47885e-06
-6.03656e-06
-7.94891e-06
-1.01046e-05
-1.19586e-05
-1.2801e-05
-1.20669e-05
-9.79517e-06
-3.633e-06
-5.81836e-06
-7.89759e-06
-1.02361e-05
-1.25456e-05
-1.41037e-05
-1.41768e-05
-1.24439e-05
-9.45874e-06
2.4295e-05
-5.58004e-06
-8.85752e-06
-1.19902e-05
-1.45943e-05
-1.58467e-05
-1.50857e-05
-1.23293e-05
-8.69412e-06
3.52405e-06
-5.5509e-06
-1.01641e-05
-1.39589e-05
-1.672e-05
-1.73745e-05
-1.53673e-05
-1.14357e-05
-7.33453e-06
3.80143e-06
3.68359e-06
3.9476e-05
-1.0543e-05
-1.54113e-05
-1.80945e-05
-1.76224e-05
-1.39399e-05
-9.02199e-06
-4.91662e-06
4.35148e-06
4.15451e-06
2.51321e-06
4.91824e-05
-1.14936e-05
-1.48979e-05
-1.40508e-05
-9.83337e-06
-4.96438e-06
-1.43431e-06
Process [9]
5.8556e-07
8.40962e-07
9.80696e-07
4.75227e-06
-5.12583e-07
-9.14681e-07
-1.3293e-06
-1.83698e-06
7.55712e-07
1.06842e-06
1.2436e-06
1.40929e-06
7.5638e-06
-1.07146e-06
-1.71738e-06
1.36742e-07
4.85441e-08
-5.51256e-08
-1.77963e-07
-3.20997e-07
-4.90466e-07
-6.93327e-07
-9.41041e-07
-6.71433e-09
4.73921e-08
-6.12604e-08
-1.94364e-07
-3.50626e-07
-5.35275e-07
-7.55186e-07
-1.02419e-06
2.65623e-07
8.00227e-08
-5.23458e-08
-2.07085e-07
-3.84036e-07
-5.87824e-07
-8.25985e-07
-1.12116e-06
3.50237e-07
1.21676e-06
-3.66376e-08
-2.24469e-07
-4.25247e-07
-6.51552e-07
-9.11036e-07
-1.22919e-06
4.72563e-07
6.49966e-07
2.70818e-06
-2.13683e-07
-4.79167e-07
-7.49497e-07
-1.05638e-06
-1.43653e-06
9.55627e-07
1.34452e-06
1.55447e-06
1.74462e-06
1.90367e-06
1.14117e-05
-2.02883e-06
1.14833e-06
1.66271e-06
1.90903e-06
2.12035e-06
2.26774e-06
2.32222e-06
1.68437e-05
1.37404e-06
2.0356e-06
2.33947e-06
2.60308e-06
2.78376e-06
2.84509e-06
2.90739e-06
1.53497e-06
2.36169e-06
2.72357e-06
3.03946e-06
3.24293e-06
3.27489e-06
3.38118e-06
1.55745e-06
2.46567e-06
2.79242e-06
3.0264e-06
3.04395e-06
3.21166e-06
Process [10]
2.08965e-07
2.88246e-07
3.1089e-07
3.51608e-07
4.24554e-07
5.42253e-07
6.65094e-07
2.48563e-07
3.37345e-07
3.50868e-07
3.82814e-07
4.51292e-07
5.74593e-07
7.34103e-07
4.79383e-08
1.43999e-07
1.85576e-07
2.37357e-07
2.43082e-07
1.12403e-07
1.67727e-07
2.18851e-07
2.84522e-07
2.73209e-07
1.34834e-07
2.06459e-07
2.63368e-07
3.40394e-07
3.36156e-07
1.68469e-07
2.57488e-07
3.19125e-07
4.06919e-07
4.1953e-07
1.48525e-07
1.85518e-07
2.21854e-07
2.71125e-07
3.45479e-07
4.52634e-07
4.80653e-07
1.71059e-07
2.3145e-07
2.61071e-07
3.08836e-07
3.86449e-07
5.04235e-07
5.75541e-07
2.96752e-07
3.85731e-07
3.8432e-07
3.9851e-07
4.50511e-07
5.64999e-07
7.84823e-07
3.28261e-07
4.39698e-07
4.14591e-07
3.98496e-07
4.17958e-07
5.05311e-07
7.66677e-07
3.66061e-07
4.41147e-07
3.69479e-07
2.91221e-07
2.35587e-07
2.41378e-07
5.73139e-07
3.33398e-07
3.61813e-07
2.13535e-07
3.38901e-08
-1.46202e-07
-2.81098e-07
1.04509e-07
2.40598e-07
2.12021e-07
-3.13938e-08
-3.34143e-07
-6.61943e-07
-9.58031e-07
-6.53582e-07
1.39549e-07
-4.91994e-08
-4.02523e-07
-8.46426e-07
-1.3449e-06
-1.83241e-06
-1.64807e-06
Process [11]
-6.53435e-06
-4.15433e-06
-1.86224e-06
-5.87047e-07
5.91176e-06
1.06317e-05
1.71449e-05
-5.74256e-06
-3.78254e-06
-1.8249e-06
-8.06066e-07
4.70537e-06
9.02191e-06
1.63772e-05
-1.162e-05
-1.20707e-05
-1.06017e-05
-8.48281e-06
-5.52353e-06
-2.08997e-06
1.16967e-06
-6.76438e-07
-8.6845e-06
-5.81278e-06
-2.53642e-06
7.701e-07
7.3576e-06
1.01231e-05
-7.59265e-06
-4.72564e-06
-1.86053e-06
4.79663e-07
6.69266e-06
1.31359e-05
-7.0018e-06
-4.36424e-06
-1.83822e-06
-2.39632e-07
6.08874e-06
1.2217e-05
1.74918e-05
-4.61127e-06
-3.21036e-06
-1.77141e-06
-1.41511e-06
2.89662e-06
6.37111e-06
1.49538e-05
-2.63699e-06
-1.87897e-06
-1.09861e-06
-1.49898e-06
1.09741e-06
3.22426e-06
3.56608e-07
2.48778e-07
4.09022e-07
3.73899e-07
-8.56752e-07
5.55097e-07
2.59726e-06
-6.61801e-06
1.38527e-05
3.06097e-06
2.19575e-06
8.49579e-10
6.34613e-07
2.34049e-06
-3.47634e-06
9.14951e-06
5.60059e-06
3.82788e-06
5.92668e-07
4.68518e-07
3.58885e-07
-5.18922e-06
4.26819e-06
7.23663e-06
4.82401e-06
7.11987e-07
1.86581e-08
-2.43863e-06
-7.94818e-06
-1.22378e-07
7.62871e-06
5.02452e-06
3.98411e-07
-4.09102e-07
-5.03041e-06
-9.92278e-06
-3.24571e-06
Process [12]
5.50188e-07
1.0525e-07
8.20601e-08
1.11096e-07
1.43644e-07
1.78469e-07
2.13251e-07
2.4427e-07
2.662e-07
2.72174e-07
2.74863e-07
9.41575e-07
9.62622e-08
8.46362e-08
1.18758e-07
1.56025e-07
1.94619e-07
2.31285e-07
2.60891e-07
2.76095e-07
2.67299e-07
2.57637e-07
-1.25371e-08
4.98397e-08
5.4753e-08
6.9089e-08
8.62804e-08
1.05976e-07
1.27688e-07
1.5098e-07
1.7562e-07
2.0169e-07
1.78003e-07
1.34577e-08
6.56145e-08
6.96446e-08
8.60499e-08
1.05415e-07
1.27457e-07
1.51661e-07
1.77353e-07
2.03806e-07
2.30368e-07
1.93582e-07
4.28461e-08
7.43285e-08
7.51472e-08
9.31107e-08
1.14126e-07
1.3788e-07
1.63733e-07
1.90716e-07
2.17608e-07
2.43109e-07
2.09086e-07
8.69525e-08
8.13798e-08
7.6583e-08
9.61712e-08
1.18943e-07
1.44477e-07
1.71906e-07
1.99855e-07
2.26483e-07
2.49683e-07
2.24488e-07
1.63338e-07
8.95863e-08
7.69731e-08
9.86562e-08
1.23679e-07
1.51446e-07
1.80754e-07
2.09676e-07
2.3555e-07
2.55169e-07
2.45216e-07
3.03843e-07
1.00405e-07
8.00486e-08
1.05126e-07
1.33784e-07
1.65195e-07
1.97722e-07
2.2872e-07
2.54455e-07
2.70256e-07
2.54227e-07
Process [13]
1.29708e-05
1.01161e-05
6.47079e-06
5.74679e-06
6.34509e-06
6.63934e-06
-1.46072e-06
4.35709e-05
1.03819e-05
9.51858e-06
7.25799e-06
7.08095e-06
7.65168e-06
6.21445e-06
-3.25686e-06
5.13166e-05
-2.63343e-06
-3.51216e-06
7.38545e-06
2.31977e-06
-5.72886e-07
-2.39049e-06
-2.92319e-06
-2.19788e-06
-1.86185e-07
1.77317e-06
-1.98014e-06
6.31506e-06
1.47584e-05
9.61763e-06
4.10668e-06
4.80941e-08
-1.74032e-06
-1.76837e-06
1.56476e-07
2.09551e-06
-1.33719e-06
6.77057e-06
1.54047e-05
8.88191e-06
3.08935e-06
-5.87119e-08
-9.34604e-07
6.69811e-07
2.52951e-06
-7.91557e-07
9.20048e-06
1.84792e-05
1.25105e-05
6.05431e-06
1.85922e-06
1.06967e-07
1.32479e-06
3.14062e-06
-3.33949e-07
1.35487e-05
2.05672e-05
1.45818e-05
8.37415e-06
3.4166e-06
1.52678e-06
2.28531e-06
3.95418e-06
-1.1813e-08
1.97451e-05
2.18213e-05
1.4997e-05
9.67516e-06
4.69595e-06
3.18592e-06
3.5906e-06
5.01579e-06
9.71787e-08
2.76184e-05
2.03266e-05
1.45232e-05
1.01854e-05
5.76652e-06
4.58807e-06
4.99385e-06
6.11243e-06
-2.80406e-07
3.63861e-05
6.59283e-06
8.34586e-06
8.29771e-06
8.90253e-06
9.07509e-06
4.96763e-06
-5.28119e-06
5.92779e-05
Process [14]
7.05505e-06
4.59941e-06
-9.38779e-08
-9.26745e-07
-7.37451e-06
-1.05914e-05
-4.68374e-06
-1.57626e-07
6.00826e-06
3.76926e-06
-1.14375e-06
-2.43653e-06
-8.56518e-06
-1.01639e-05
-4.69073e-06
4.69588e-07
4.29336e-06
2.28689e-06
-2.19513e-06
-3.80132e-06
-7.76414e-06
-8.71579e-06
-3.40086e-06
1.96369e-06
3.35245e-06
1.22904e-06
-2.16732e-06
-3.82283e-06
-6.26283e-06
-6.4032e-06
-1.77952e-06
3.79975e-06
3.22263e-06
1.06099e-06
-1.67852e-06
-3.28163e-06
-4.79404e-06
-4.30132e-06
-8.50155e-08
5.34376e-06
2.72071e-06
7.56546e-07
-1.42815e-06
-2.76467e-06
-3.56635e-06
-2.50344e-06
1.34726e-06
6.32031e-06
2.07848e-06
3.1298e-07
-1.39286e-06
-2.37364e-06
-2.6366e-06
-1.14607e-06
2.3252e-06
6.64919e-06
1.28419e-06
-2.31788e-07
-1.4988e-06
-2.10412e-06
-1.96058e-06
-2.02334e-07
2.86576e-06
6.44769e-06
4.56325e-07
-7.6855e-07
-1.61931e-06
-1.85264e-06
-1.39442e-06
4.90564e-07
3.12795e-06
5.93825e-06
6.83001e-06
-2.03944e-07
-1.15892e-06
-1.62513e-06
-1.50152e-06
-7.8853e-07
1.12697e-06
3.35215e-06
5.39801e-06
5.48137e-06
-4.72284e-07
-1.25236e-06
-1.41729e-06
-9.63069e-07
-1.28538e-08
1.88396e-06
3.71361e-06
5.07376e-06
4.43e-06
Process [15]
-4.03709e-08
-2.91085e-07
-7.60049e-07
-1.35453e-06
-2.04105e-06
-2.74932e-06
-3.37471e-06
-3.80093e-06
-3.94036e-06
-3.77374e-06
-3.36919e-06
-2.85871e-06
-1.11307e-06
-3.62527e-07
-6.94715e-07
-1.20291e-06
-1.84553e-06
-2.59767e-06
-3.39886e-06
-4.15041e-06
-4.72812e-06
-5.01348e-06
-4.93272e-06
-4.47947e-06
-3.69732e-06
-1.92185e-06
1.28771e-06
2.22558e-06
2.53878e-06
2.77103e-06
2.78377e-06
3.27476e-06
5.49343e-07
1.47502e-06
1.75566e-06
1.98041e-06
1.97182e-06
2.73009e-06
-5.96227e-07
1.28345e-07
3.70053e-07
6.26203e-07
7.10859e-07
1.51576e-06
4.22272e-08
-7.77378e-08
-4.83025e-07
-9.87058e-07
-1.54353e-06
-2.06383e-06
-2.41628e-06
-2.51098e-06
-2.34984e-06
-1.97699e-06
-1.5041e-06
-1.09311e-06
2.99884e-07
-6.91304e-07
-1.10623e-06
-1.60329e-06
-2.22632e-06
-2.95635e-06
-3.74171e-06
-4.49184e-06
-5.08348e-06
-5.38399e-06
-5.28555e-06
-4.73013e-06
-3.70581e-06
-1.75529e-06
-9.76752e-07
-1.42821e-06
-1.87657e-06
-2.43368e-06
-3.0858e-06
-3.78637e-06
-4.4544e-06
-4.98017e-06
-5.23233e-06
-5.09032e-06
-4.46931e-06
-3.3253e-06
-1.45843e-06
-8.22047e-07
-1.28293e-06
-1.55352e-06
-1.8737e-06
-2.74988e-06
Process [16]
1.6444e-06
3.63255e-09
6.34155e-08
9.22027e-08
1.18183e-07
1.37516e-07
1.44474e-07
1.30935e-07
8.59239e-08
-4.65067e-09
-2.69873e-07
1.28732e-06
-1.60209e-08
2.30275e-08
3.93808e-08
5.19069e-08
5.75373e-08
5.1817e-08
2.85034e-08
-2.08189e-08
-1.06987e-07
-4.31167e-07
1.45705e-06
7.25995e-08
9.26185e-08
1.33702e-07
1.77562e-07
2.21694e-07
2.61765e-07
2.91048e-07
2.99953e-07
2.75899e-07
2.21606e-07
1.96143e-06
4.30537e-08
1.03778e-07
1.51562e-07
2.01575e-07
2.50566e-07
2.93072e-07
3.20739e-07
3.21744e-07
2.80586e-07
2.14488e-07
2.27005e-06
3.13799e-08
1.22529e-07
1.76098e-07
2.31696e-07
2.85567e-07
3.31501e-07
3.60089e-07
3.58095e-07
3.08203e-07
1.49378e-07
2.26692e-06
2.48143e-08
1.20739e-07
1.71582e-07
2.23076e-07
2.71036e-07
3.08762e-07
3.2631e-07
3.09862e-07
2.41449e-07
1.08184e-07
2.01118e-06
1.78452e-08
9.93859e-08
1.40846e-07
1.81124e-07
2.15971e-07
2.38821e-07
2.4015e-07
2.06915e-07
1.22267e-07
-8.31254e-08
1.04173e-06
1.56604e-08
4.85565e-08
6.73786e-08
8.49575e-08
9.97813e-08
1.09555e-07
1.10904e-07
9.91275e-08
6.81544e-08
-2.15989e-07
Process [17]
-8.69296e-06
5.80821e-06
7.61684e-06
9.14193e-06
1.04627e-05
1.16026e-05
1.2292e-05
1.20941e-05
1.0729e-05
8.47896e-06
6.29804e-06
1.88889e-06
3.87381e-06
6.1861e-06
8.2069e-06
9.8851e-06
1.11003e-05
1.16133e-05
1.11853e-05
9.80109e-06
7.74866e-06
5.52376e-06
4.22993e-06
4.03471e-06
2.23016e-06
2.51139e-07
-4.50133e-06
-8.55913e-06
-7.7665e-06
-3.79623e-06
3.93887e-07
2.96717e-06
3.6368e-06
3.37169e-06
3.71576e-06
2.26635e-06
1.19632e-06
2.27977e-06
-1.20482e-06
-8.22706e-07
2.1827e-06
5.59508e-06
7.30461e-06
7.10003e-06
2.7987e-06
3.80342e-06
3.46113e-06
-4.21037e-05
6.50677e-06
4.439e-06
4.92136e-06
7.1749e-06
9.54237e-06
1.02751e-05
9.33035e-06
1.89371e-06
3.4809e-06
-2.80262e-05
8.91927e-06
7.73286e-06
7.68898e-06
8.67483e-06
1.02594e-05
1.15902e-05
1.14961e-05
1.00235e-05
1.06035e-06
3.39887e-06
1.0211e-05
9.67052e-06
9.66781e-06
1.03097e-05
1.13627e-05
1.17814e-05
1.1686e-05
1.11991e-05
9.52249e-06
1.11061e-06
-1.19047e-05
9.40909e-06
9.88742e-06
1.05555e-05
1.14665e-05
1.22851e-05
1.23167e-05
1.12417e-05
9.78256e-06
8.20882e-06
Process [18]
-1.45959e-06
-1.93829e-06
-2.30954e-06
-2.77751e-06
-3.29762e-06
-3.794e-06
-4.17743e-06
-4.31042e-06
-4.08182e-06
-3.39822e-06
-5.16093e-06
1.31469e-07
-1.39795e-06
-1.88278e-06
-2.15304e-06
-2.47628e-06
-2.83128e-06
-3.17268e-06
-3.42732e-06
-3.50241e-06
-3.30327e-06
-4.00998e-06
-9.39403e-07
-3.27021e-07
-4.14113e-06
-4.95731e-06
-5.2027e-06
-5.22041e-06
-4.89071e-06
-4.11615e-06
-2.83356e-06
-7.00675e-06
-1.28965e-06
-1.70933e-06
-1.90166e-06
-2.1334e-06
-2.38854e-06
-2.63417e-06
-2.8175e-06
-2.87061e-06
-2.79553e-06
-1.76314e-06
-9.16785e-07
-6.20255e-07
-1.13649e-06
-1.49558e-06
-1.63131e-06
-1.7984e-06
-1.98505e-06
-2.16682e-06
-2.30406e-06
-1.60313e-06
-1.96789e-06
-1.52238e-06
-8.83668e-07
-8.24561e-07
-1.1925e-06
-1.518e-06
-1.61495e-06
-1.73281e-06
-1.85451e-06
-1.95171e-06
-1.93227e-06
-1.71047e-06
-1.3785e-06
-9.04579e-07
-1.00713e-06
-9.76758e-07
-1.24462e-06
-1.32532e-06
-1.42449e-06
-1.52977e-06
-4.35151e-07
-1.60032e-06
-1.42668e-06
-1.15663e-06
-7.52632e-07
-9.19366e-07
-8.37198e-07
-1.05501e-06
-1.12123e-06
-1.20272e-06
9.72323e-08
-1.4044e-06
-1.33952e-06
-1.23108e-06
-1.06062e-06
-8.12034e-07
-1.08569e-06
Process [19]
-1.85723e-06
-1.22379e-05
-2.96951e-06
8.94404e-05
9.58728e-06
9.34206e-06
4.46196e-06
-4.31677e-06
-1.32918e-05
-2.76915e-06
8.70926e-05
3.04425e-06
7.18375e-06
9.4306e-06
1.07588e-05
1.0185e-05
3.20847e-06
-6.6532e-06
6.75112e-05
6.487e-07
6.74277e-06
1.08643e-05
1.2445e-05
1.05144e-05
8.09717e-07
-7.32981e-06
7.51053e-05
7.15626e-06
1.22664e-05
1.35541e-05
9.91378e-06
-2.00373e-06
-7.48559e-06
8.13732e-05
8.13689e-06
1.31742e-05
1.39185e-05
8.38915e-06
-4.80379e-06
-6.97348e-06
8.61132e-05
9.27693e-06
1.3622e-05
1.3379e-05
6.16365e-06
-7.29811e-06
-5.9752e-06
8.91882e-05
1.01973e-05
1.35908e-05
1.18829e-05
3.53805e-06
-9.32465e-06
-4.76907e-06
9.06328e-05
1.06229e-05
1.27854e-05
9.71773e-06
8.30269e-07
-1.091e-05
-3.69067e-06
9.06084e-05
1.03984e-05
1.12957e-05
7.11854e-06
8.29243e-06
7.12052e-06
1.82289e-06
-6.46761e-06
-1.41618e-05
-3.09589e-06
8.38526e-05
4.92438e-06
-5.6895e-07
-8.29355e-06
-1.49214e-05
-3.93855e-06
8.00385e-05
3.01125e-06
-2.50428e-06
-9.6959e-06
-1.55192e-05
-5.20018e-06
7.56326e-05
1.42455e-06
-3.98526e-06
-1.05858e-05
-1.58933e-05
-6.76151e-06
7.06389e-05
Process [20]
4.04531e-07
-3.85085e-08
-3.82258e-08
-4.4237e-08
-5.1899e-08
-5.97248e-08
-6.61735e-08
-7.04615e-08
-7.31755e-08
-7.62314e-08
-8.22724e-08
-9.40895e-08
-4.8749e-07
3.2376e-07
-4.00698e-08
-3.93723e-08
-4.47528e-08
-5.14216e-08
-5.79818e-08
-6.27504e-08
-6.46381e-08
-6.38841e-08
-6.20425e-08
-6.13137e-08
-6.39081e-08
-3.8886e-07
8.13708e-07
-2.16166e-08
-5.34912e-09
-3.92073e-10
1.71397e-09
5.27595e-12
-7.12927e-09
-2.24036e-08
-5.00924e-08
-9.63583e-08
-1.69402e-07
-6.55276e-07
6.62905e-07
-3.78389e-08
-3.0803e-08
-3.2841e-08
-3.77688e-08
-4.56061e-08
-5.6756e-08
-7.25097e-08
-9.54679e-08
-1.29669e-07
-1.80388e-07
-6.08343e-07
5.65573e-07
-3.61049e-08
-3.30595e-08
-3.75218e-08
-4.4385e-08
-5.28667e-08
-6.24181e-08
-7.33361e-08
-8.72268e-08
-1.07043e-07
-1.36713e-07
-5.40232e-07
4.90298e-07
-2.97388e-08
-2.83389e-08
-3.35694e-08
-4.06846e-08
-4.83327e-08
-5.52698e-08
-6.10835e-08
-6.67179e-08
-7.44466e-08
-8.73554e-08
-4.51322e-07
2.39811e-07
-4.71298e-08
-4.63751e-08
-5.18704e-08
-5.86541e-08
-6.5854e-08
-7.20779e-08
-7.63663e-08
-7.9141e-08
-7.7428e-08
-7.23499e-08
-6.82732e-08
-3.41654e-07
1.03188e-06
-6.33148e-07
Process [21]
-2.13515e-06
-7.15707e-07
6.57301e-07
2.32796e-06
3.61484e-06
4.25554e-06
4.09841e-06
3.21343e-06
1.88254e-06
6.91188e-07
-2.03106e-06
-2.30267e-06
-1.43947e-06
-1.10069e-07
1.31877e-06
2.5506e-06
3.27755e-06
3.28818e-06
2.58625e-06
1.43717e-06
3.69391e-07
5.58666e-07
1.96539e-06
4.46491e-06
6.78383e-06
8.72e-06
1.00478e-05
1.0536e-05
1.00587e-05
8.73282e-06
6.90043e-06
5.05413e-06
-4.53665e-07
6.18745e-07
3.08849e-06
5.44222e-06
7.42628e-06
8.76807e-06
9.24056e-06
8.77165e-06
7.53289e-06
5.88187e-06
4.26973e-06
-1.1548e-06
-4.21398e-07
1.86337e-06
4.12373e-06
6.07785e-06
7.4215e-06
7.91548e-06
7.49637e-06
6.34469e-06
4.81434e-06
3.40169e-06
-1.62483e-06
-1.19314e-06
8.31257e-07
2.91386e-06
4.7745e-06
6.09421e-06
6.61409e-06
6.25267e-06
5.17464e-06
3.72705e-06
2.43138e-06
-1.96471e-06
-1.77756e-06
-5.07396e-08
1.81952e-06
3.55617e-06
4.84068e-06
5.39471e-06
5.10316e-06
4.09721e-06
2.71372e-06
1.48289e-06
-2.10747e-06
-2.45175e-06
-2.69431e-06
-1.838e-06
-7.15411e-07
5.29645e-07
1.67116e-06
2.41903e-06
2.51002e-06
1.7898e-06
8.52344e-07
-1.85981e-06
-2.321e-06
Process [22]
2.92083e-07
-3.51884e-07
-1.17103e-06
-1.12373e-06
-2.44493e-07
9.95097e-07
2.7256e-06
4.16769e-06
1.14297e-06
4.85895e-08
-8.67896e-07
-6.13349e-07
4.91977e-07
1.89029e-06
3.50868e-06
4.64132e-06
1.30406e-06
5.69417e-07
-3.33655e-07
4.52273e-08
1.32968e-06
2.86867e-06
4.38796e-06
5.26551e-06
1.5796e-06
1.12377e-06
2.86609e-07
7.35921e-07
2.14249e-06
3.78522e-06
5.21224e-06
5.89196e-06
1.8752e-06
1.66316e-06
9.12817e-07
1.38897e-06
2.86556e-06
4.58094e-06
5.93305e-06
6.45847e-06
2.13655e-06
2.1464e-06
1.49279e-06
1.9625e-06
3.46364e-06
5.22455e-06
6.51935e-06
6.93151e-06
2.33132e-06
2.54748e-06
1.99832e-06
2.43893e-06
3.92663e-06
5.7089e-06
6.96123e-06
7.29247e-06
2.46135e-06
2.84145e-06
2.41692e-06
2.81756e-06
4.26161e-06
6.04362e-06
7.26435e-06
7.53905e-06
2.79323e-06
3.05295e-06
2.74561e-06
3.10069e-06
4.47724e-06
6.23941e-06
7.43583e-06
7.67279e-06
3.23646e-06
3.95637e-06
3.99728e-06
4.54905e-06
6.08587e-06
8.0697e-06
9.52521e-06
9.98534e-06
2.92005e-06
2.58459e-06
1.24722e-06
2.40351e-07
6.60085e-07
2.84362e-06
6.54542e-06
1.08939e-05
Process [23]
-1.00979e-06
-1.07488e-06
-1.04621e-06
-1.00662e-06
-9.51329e-07
-8.76142e-07
-7.7845e-07
-6.62878e-07
-1.24114e-06
-8.63485e-07
-9.24776e-07
-9.10608e-07
-8.92262e-07
-8.70015e-07
-8.44974e-07
-8.21983e-07
-8.15189e-07
-1.26057e-06
-1.05083e-06
-1.65509e-06
-1.51747e-06
-1.37883e-06
-1.23037e-06
-1.06407e-06
-8.70011e-07
-1.3067e-06
2.02707e-07
-1.28957e-06
-1.2355e-06
-1.16303e-06
-1.06575e-06
-9.32825e-07
-7.44608e-07
-1.02042e-06
-8.33791e-07
-9.00602e-07
-8.75846e-07
-8.54092e-07
-8.35189e-07
-8.19057e-07
-8.05261e-07
-1.20855e-06
-7.37072e-07
-8.17419e-07
-8.07794e-07
-7.98923e-07
-7.9045e-07
-7.81729e-07
-7.71029e-07
-1.15142e-06
-6.71429e-07
-7.63475e-07
-7.56476e-07
-7.50647e-07
-7.4512e-07
-7.38832e-07
-7.29936e-07
-1.08836e-06
-6.32429e-07
-7.17058e-07
-7.15588e-07
-7.16145e-07
-7.18904e-07
-7.25113e-07
-7.38014e-07
-1.09449e-06
-5.96856e-07
-6.78583e-07
-6.76848e-07
-6.75565e-07
-6.73335e-07
-6.68228e-07
-6.56357e-07
-9.50951e-07
-5.77101e-07
-6.59082e-07
-6.5954e-07
-6.59706e-07
-6.57884e-07
-6.5203e-07
-6.3914e-07
-9.14295e-07
-8.42191e-07
-8.65922e-07
-8.05219e-07
-7.49421e-07
-7.03035e-07
-6.61058e-07
-6.11723e-07
-8.17945e-07
Process [24]
1.07518e-07
5.58631e-08
5.88792e-08
5.15211e-08
4.17805e-08
3.30825e-08
2.83357e-08
2.93189e-08
-1.72375e-08
9.87871e-08
6.48224e-08
6.87033e-08
6.16076e-08
5.11202e-08
4.14654e-08
3.60733e-08
-1.32211e-08
-1.0762e-06
5.64613e-07
4.96347e-07
4.46686e-07
4.2293e-07
4.27714e-07
-1.68172e-07
2.63635e-07
1.15811e-07
1.20282e-07
1.11284e-07
1.00228e-07
9.22759e-08
9.15692e-08
1.00641e-07
4.06413e-08
1.94491e-07
8.82733e-08
9.07822e-08
8.19772e-08
7.11131e-08
6.22476e-08
5.88448e-08
6.29749e-08
1.60899e-08
1.47868e-07
7.42494e-08
7.73535e-08
6.91083e-08
5.84383e-08
4.93141e-08
4.50748e-08
4.77036e-08
-1.19764e-09
7.56989e-08
5.21048e-08
5.5363e-08
4.90143e-08
3.94185e-08
3.033e-08
2.47564e-08
-2.12959e-08
5.80748e-08
4.16426e-08
4.41066e-08
3.86242e-08
3.03031e-08
2.2384e-08
1.74558e-08
-2.60431e-08
4.35831e-08
3.20135e-08
3.33304e-08
2.84577e-08
2.12969e-08
1.45129e-08
1.01772e-08
-2.99548e-08
3.12274e-08
2.21465e-08
2.09125e-08
1.50741e-08
7.74095e-09
1.17535e-09
-3.16e-09
-4.06482e-08
-3.08565e-07
3.84711e-07
4.59089e-07
4.9126e-07
4.53225e-07
3.4712e-07
2.12203e-07
7.06862e-08
Process [25]
-1.49684e-07
-2.32634e-07
-2.18741e-07
-2.11267e-07
-2.08325e-07
4.41589e-07
-2.85564e-07
-2.82243e-07
-4.20127e-07
-1.42083e-07
-2.14295e-07
-2.01995e-07
-1.95726e-07
-1.93607e-07
-2.5775e-07
-2.60354e-07
-2.61139e-07
-3.96109e-07
-7.01617e-07
-4.23569e-07
-3.91059e-07
-3.69901e-07
-3.61719e-07
-3.5533e-07
-4.81755e-07
-1.64565e-07
-3.0379e-07
-2.86796e-07
-2.76529e-07
-2.72251e-07
-2.73914e-07
-5.67607e-07
-1.55159e-07
-2.78172e-07
-2.59796e-07
-2.47294e-07
-2.39854e-07
-2.37142e-07
6.53989e-07
-1.57328e-07
-2.60733e-07
-2.43124e-07
-2.30566e-07
-2.21863e-07
-2.16137e-07
-5.51809e-07
-1.63981e-07
-2.63053e-07
-2.49792e-07
-2.42329e-07
-2.39665e-07
6.41478e-07
-3.42856e-07
-5.30311e-07
-1.5327e-07
-2.44634e-07
-2.29781e-07
-2.21542e-07
-2.18176e-07
-2.18599e-07
-3.10398e-07
-3.05786e-07
-4.66071e-07
-1.35247e-07
-2.00134e-07
-1.89932e-07
-1.85792e-07
-1.85996e-07
-2.43811e-07
-2.47075e-07
-2.48158e-07
-3.74197e-07
-1.36512e-07
-1.95166e-07
-1.87304e-07
-1.85024e-07
2.35523e-07
-2.37356e-07
-2.42624e-07
-2.46e-07
-3.65191e-07
-6.96261e-08
-1.38712e-07
-1.30999e-07
-1.16058e-07
-5.20999e-07
-5.59316e-07
-5.88798e-07
-5.99351e-07
-6.88456e-07
Process [26]
-1.80605e-06
-2.11566e-06
-2.00532e-06
-1.8248e-06
-1.50719e-06
-1.01953e-06
-3.92272e-07
2.3555e-07
1.15087e-06
-1.60698e-06
-1.93943e-06
-1.90553e-06
-1.84312e-06
-1.69517e-06
-1.40165e-06
-9.14584e-07
-1.88208e-07
1.26238e-06
-2.45227e-06
-1.95548e-06
-6.63209e-07
4.8252e-07
1.31406e-06
1.60888e-06
1.22694e-06
1.17692e-06
-2.51111e-06
-2.82924e-06
-2.11622e-06
-1.17135e-06
-1.733e-07
6.61203e-07
1.11994e-06
1.13681e-06
1.19431e-06
-2.27565e-06
-2.6886e-06
-2.21257e-06
-1.50724e-06
-6.60061e-07
1.62091e-07
7.68074e-07
1.06462e-06
1.28298e-06
-2.14381e-06
-2.56809e-06
-2.24598e-06
-1.72381e-06
-1.02033e-06
-2.39323e-07
4.63177e-07
9.61113e-07
1.36053e-06
-2.02147e-06
-2.44213e-06
-2.23448e-06
-1.85937e-06
-1.28987e-06
-5.72034e-07
1.80512e-07
8.26724e-07
1.4057e-06
-1.89329e-06
-2.30098e-06
-2.18282e-06
-1.93073e-06
-1.4878e-06
-8.51273e-07
-8.97524e-08
6.59355e-07
1.39231e-06
-1.52465e-06
-1.8393e-06
-1.82485e-06
-1.78413e-06
-1.65825e-06
-1.36998e-06
-8.31909e-07
5.46263e-08
1.57988e-06
-1.32718e-06
-1.56588e-06
-1.49678e-06
-1.39618e-06
-1.21254e-06
-8.74383e-07
-2.99056e-07
5.81636e-07
1.85499e-06
Process [27]
8.9553e-06
6.4275e-06
2.09107e-06
-3.48914e-06
-9.27089e-06
-1.44841e-05
-1.94323e-05
2.22245e-05
1.39523e-05
1.36304e-05
9.36782e-06
1.39241e-06
-7.13114e-06
-1.26513e-05
-1.59077e-05
2.82702e-05
5.09442e-06
3.79316e-06
2.22387e-07
-5.06256e-06
-1.11628e-05
-1.61706e-05
-8.53892e-06
6.54037e-05
5.11873e-06
3.42891e-06
-3.34674e-07
-5.62404e-06
-1.15292e-05
-1.63169e-05
-1.04001e-05
5.97712e-05
5.34732e-06
3.33544e-06
-6.30253e-07
-5.88526e-06
-1.15945e-05
-1.63109e-05
-1.22891e-05
5.38496e-05
5.65847e-06
3.40414e-06
-7.07274e-07
-5.94134e-06
-1.15212e-05
-1.62354e-05
-1.4106e-05
4.7888e-05
5.98883e-06
3.5533e-06
-6.59274e-07
-5.87954e-06
-1.1374e-05
-1.61207e-05
-1.57661e-05
4.20852e-05
6.28713e-06
3.72106e-06
-5.60689e-07
-5.76824e-06
-1.12011e-05
-1.59851e-05
-1.7198e-05
3.66486e-05
6.52272e-06
3.86184e-06
-4.61481e-07
-5.65374e-06
-1.10349e-05
-1.58396e-05
-1.8348e-05
3.17738e-05
6.67978e-06
3.95201e-06
-3.91161e-07
-5.56147e-06
-1.08885e-05
-1.56888e-05
-1.91855e-05
2.76304e-05
6.74692e-06
3.97268e-06
-3.66901e-07
-5.50394e-06
-1.0768e-05
-1.55347e-05
-1.97044e-05
2.43532e-05
