Vec Object: 28 MPI processes
  type: mpi
Process [0]
5.348e-11
6.53387e-11
5.72934e-11
9.71262e-11
1.04007e-10
1.1816e-10
1.63915e-10
1.32136e-10
4.52712e-10
2.34282e-09
5.55439e-11
2.47159e-11
3.84023e-11
9.91244e-11
1.03623e-10
1.1376e-10
1.50857e-10
1.2934e-10
4.23828e-10
2.56922e-09
3.72794e-11
-2.47303e-11
1.9559e-11
8.64551e-11
1.0786e-10
1.36769e-10
1.92591e-10
1.94434e-10
5.20262e-10
2.80627e-09
6.33393e-11
-4.9252e-13
5.109e-11
1.09071e-10
1.32276e-10
1.68562e-10
2.39695e-10
2.68484e-10
6.24519e-10
3.1859e-09
1.33166e-10
8.17246e-11
1.23937e-10
1.66288e-10
1.80395e-10
2.15863e-10
2.99202e-10
3.43451e-10
7.48614e-10
3.6648e-09
2.04217e-10
1.65438e-10
1.94533e-10
2.22331e-10
2.27692e-10
2.63488e-10
3.62862e-10
4.17216e-10
8.80812e-10
4.21837e-09
2.49967e-10
2.20387e-10
2.38042e-10
2.56328e-10
2.5899e-10
2.98563e-10
4.16172e-10
4.79785e-10
9.89502e-10
4.81286e-09
2.78535e-10
2.61267e-10
2.70538e-10
2.83013e-10
2.90197e-10
3.39298e-10
4.80493e-10
5.53226e-10
1.11148e-09
5.49339e-09
4.03745e-10
4.21222e-10
3.96416e-10
3.94048e-10
3.92744e-10
4.38979e-10
5.94784e-10
6.74705e-10
1.28971e-09
6.35655e-09
Process [1]
2.69804e-09
1.94381e-09
-2.47735e-09
1.17744e-09
2.03933e-08
1.01311e-08
-5.65192e-08
-1.10579e-07
-4.34506e-10
-2.97347e-09
-1.01479e-08
-1.99804e-08
-5.14236e-09
3.18217e-08
2.31887e-08
-5.57292e-08
9.91206e-10
-2.39871e-09
-6.5716e-09
-2.2862e-08
-3.1958e-08
2.60373e-08
1.14896e-07
6.63045e-08
5.9027e-09
6.18309e-09
1.13218e-08
7.27636e-09
-2.13317e-08
-1.89005e-09
1.07564e-07
1.26764e-07
9.73398e-09
1.51058e-08
2.5275e-08
3.92351e-08
1.28171e-08
-2.57377e-08
1.3532e-08
8.38071e-08
1.35157e-09
7.62196e-09
1.71046e-08
4.06879e-08
3.30618e-08
-3.06075e-08
-8.08069e-08
-9.89621e-09
1.18375e-08
5.57696e-09
-2.35824e-09
9.96055e-09
1.95376e-08
-2.22217e-08
-1.15661e-07
-8.52555e-08
2.03368e-09
3.34604e-09
-9.84993e-09
-1.83065e-08
-1.00262e-08
-1.05623e-08
-8.90749e-08
-1.09213e-07
3.10657e-08
5.18691e-09
-1.39277e-08
-3.18691e-08
-3.08601e-08
5.40079e-09
-2.53407e-08
-8.42201e-08
8.39827e-08
5.46803e-08
2.03045e-08
-1.21614e-08
-2.76144e-08
2.21017e-08
4.05671e-08
-3.32873e-08
-2.41137e-08
1.76649e-08
2.21881e-08
1.58518e-08
2.47198e-09
4.54511e-08
8.97804e-08
2.25813e-08
Process [2]
2.48768e-09
1.729e-09
1.13764e-09
4.64557e-10
-4.19396e-11
-7.30468e-11
1.39888e-10
3.88187e-10
2.74597e-09
4.5056e-09
-4.82323e-09
-1.33545e-08
1.3055e-08
1.78305e-08
-3.24978e-09
-4.73524e-09
-4.52243e-09
-3.14197e-09
-1.15056e-09
1.23007e-09
3.51274e-09
3.19711e-09
3.43391e-09
1.12038e-08
1.40721e-08
-1.20665e-08
-3.8042e-08
-4.88744e-08
1.07085e-09
-2.74229e-10
-6.02816e-10
-5.83894e-10
-5.76904e-10
-5.22645e-10
-4.44779e-10
-4.75619e-10
-5.26775e-10
-3.00615e-10
-9.89641e-11
-1.53024e-09
7.29712e-10
-7.42292e-09
-1.92791e-10
-7.90637e-10
-2.21173e-11
6.16987e-10
7.4485e-10
5.66949e-10
3.19649e-10
1.54017e-10
-5.06974e-10
-1.40036e-09
9.16996e-10
3.51647e-09
2.22696e-09
-1.35477e-08
3.18418e-09
2.29118e-09
1.78356e-09
1.13533e-09
5.43262e-10
1.04429e-10
-2.79567e-10
-1.11302e-10
4.75575e-10
-1.48795e-09
-5.0093e-09
-1.71312e-10
1.70887e-08
8.14199e-09
-1.15304e-09
-3.48386e-09
-4.03593e-09
-2.85545e-09
-1.02057e-09
1.21784e-09
6.04957e-09
6.2314e-09
6.3481e-09
6.32265e-09
5.40602e-09
2.85613e-09
6.3989e-09
8.69052e-09
1.09161e-08
1.17177e-08
1.05446e-08
6.75538e-09
Process [3]
4.91847e-09
1.64094e-09
-3.64565e-10
-2.3885e-09
-3.71102e-09
-2.78424e-09
-2.0226e-10
1.94326e-09
2.26341e-09
1.2002e-09
4.56216e-09
2.47428e-09
2.33479e-09
1.2326e-09
-1.59362e-09
-4.2241e-09
-4.78959e-09
-2.90283e-09
4.22514e-10
4.09278e-09
1.22758e-09
-6.77781e-10
-6.88939e-10
-4.2006e-10
-2.91057e-10
-2.79545e-10
-3.97513e-10
-5.11437e-10
-2.4312e-10
1.00149e-09
1.48524e-09
-9.62792e-10
-1.37269e-09
-1.3586e-09
-1.18837e-09
-4.35391e-10
3.19784e-10
4.52649e-10
-6.89222e-11
8.35806e-12
1.88372e-09
-4.41504e-10
-6.65662e-10
-8.01399e-10
-1.6371e-09
-2.41997e-09
-2.61923e-09
-1.83176e-09
-2.85063e-10
2.10718e-09
2.16272e-09
-7.6734e-10
-1.0617e-09
-3.35441e-10
7.71179e-11
-1.97658e-10
-1.19944e-09
-1.833e-09
-1.12829e-09
1.29294e-09
3.5088e-09
-2.74463e-10
-1.85889e-09
-1.92475e-09
-6.74906e-10
1.40181e-09
2.48197e-09
1.69618e-09
-2.01593e-10
-1.71561e-09
3.08899e-09
5.88691e-10
1.74997e-09
3.54774e-09
3.45587e-09
1.04824e-09
-1.98107e-09
-3.41364e-09
-2.29462e-09
1.92363e-09
3.12634e-09
-1.44892e-09
-1.81778e-09
2.64626e-10
3.15805e-09
7.15154e-09
5.09408e-09
-7.25366e-10
-3.25218e-09
-2.74002e-09
2.0503e-09
Process [4]
5.68638e-09
9.39312e-10
3.27433e-10
3.51587e-10
2.29178e-10
2.11445e-10
7.85181e-10
4.48759e-09
6.57701e-09
1.12131e-09
4.33761e-10
4.5861e-10
2.99069e-10
2.87301e-10
9.76265e-10
5.20534e-09
2.45041e-09
4.03374e-10
-7.43446e-11
3.66716e-11
4.56919e-11
6.90823e-11
1.79039e-10
1.64575e-09
2.7265e-09
3.75141e-10
-1.50235e-11
7.61064e-11
1.41969e-10
2.27665e-10
4.43165e-10
2.05825e-09
2.96181e-09
4.34564e-10
-1.7897e-11
2.9026e-11
8.42957e-11
1.51527e-10
3.89243e-10
2.22728e-09
3.34032e-09
5.06892e-10
2.78296e-11
1.29923e-11
3.83076e-11
7.18483e-11
3.29915e-10
2.42875e-09
3.82657e-09
6.09158e-10
8.66061e-11
3.50943e-11
1.72892e-11
1.37879e-11
3.15735e-10
2.72397e-09
4.4039e-09
7.27727e-10
1.56475e-10
1.06752e-10
4.91607e-11
2.4936e-11
4.12933e-10
3.17187e-09
5.01417e-09
8.27134e-10
2.43625e-10
2.21721e-10
1.33025e-10
1.08834e-10
6.00018e-10
3.78103e-09
7.44537e-09
1.80709e-09
7.4102e-10
1.60875e-09
6.1558e-09
7.97812e-09
2.15583e-09
1.06652e-09
2.16875e-09
6.70578e-09
8.27912e-09
2.24257e-09
1.36558e-09
2.52064e-09
7.36115e-09
Process [5]
5.99603e-09
4.68897e-10
-7.36005e-10
-6.92063e-10
-2.91714e-10
4.156e-10
1.64319e-09
5.57482e-09
6.62431e-09
9.03767e-10
-6.22645e-10
-9.60286e-10
-9.51171e-10
-4.63725e-10
1.2699e-09
6.40023e-09
1.58665e-09
-4.36813e-11
-2.84114e-10
-3.76836e-10
-5.05225e-10
-6.22357e-10
-5.57586e-10
1.28938e-09
2.06534e-09
4.40891e-10
2.01604e-10
1.18143e-10
-8.0579e-11
-2.61836e-10
-2.28678e-10
1.68596e-09
2.24374e-09
4.50545e-10
2.96171e-10
3.66193e-10
3.06508e-10
1.93934e-10
2.00773e-10
2.05644e-09
2.43783e-09
3.33693e-10
1.27326e-10
2.93527e-10
4.00949e-10
5.37041e-10
7.74998e-10
2.69514e-09
2.74586e-09
2.80723e-10
-6.24003e-11
7.42078e-11
1.65769e-10
4.63605e-10
1.14315e-09
3.81529e-09
3.2247e-09
3.81434e-10
-1.25551e-10
-4.80931e-11
-1.16343e-10
1.86042e-12
7.50088e-10
4.21384e-09
3.85523e-09
5.30519e-10
-1.00514e-10
2.90643e-11
-8.50779e-11
-2.59805e-10
4.41121e-11
3.42802e-09
4.55799e-09
5.34439e-10
-1.89347e-10
7.31296e-11
1.86504e-10
6.52037e-11
8.89231e-11
2.87022e-09
5.21715e-09
4.23639e-10
-5.80215e-10
-2.37932e-10
1.89782e-10
5.41894e-10
1.00988e-09
3.89918e-09
Process [6]
-5.32039e-10
-6.54683e-10
-5.20288e-10
-4.39756e-10
-3.25967e-10
-1.83119e-10
-2.19326e-11
1.74712e-10
4.22846e-10
7.91228e-10
1.01787e-09
1.98965e-09
7.95849e-09
-7.01487e-10
-8.18142e-10
-7.10566e-10
-6.49046e-10
-5.45256e-10
-4.07942e-10
-2.43767e-10
-3.82552e-11
2.31284e-10
6.49413e-10
9.03997e-10
2.05489e-09
8.1703e-09
1.28512e-10
5.76148e-11
1.15883e-10
1.40871e-10
1.71015e-10
2.21697e-10
2.8514e-10
3.81573e-10
5.15875e-10
7.49391e-10
8.34666e-10
1.72091e-09
7.12652e-09
-2.53852e-10
-3.58008e-10
-2.42186e-10
-1.70799e-10
-7.80272e-11
3.92653e-11
1.71949e-10
3.37643e-10
5.41761e-10
8.53489e-10
9.7152e-10
1.915e-09
7.63579e-09
-7.48784e-10
-8.61876e-10
-8.12066e-10
-7.76203e-10
-7.0838e-10
-5.86264e-10
-4.23077e-10
-1.9948e-10
9.4386e-11
5.71355e-10
8.48197e-10
2.30266e-09
8.93962e-09
-9.43035e-10
-1.08311e-09
-1.06395e-09
-1.06367e-09
-1.01602e-09
-9.10022e-10
-7.39096e-10
-4.83979e-10
-1.42805e-10
3.76878e-10
5.82347e-10
1.75477e-09
9.6063e-09
-9.42505e-10
-1.08324e-09
-1.14289e-09
-1.15973e-09
-1.14654e-09
-1.06116e-09
-8.91416e-10
-6.23327e-10
-1.9907e-10
4.6438e-10
8.90653e-10
3.216e-09
1.05363e-08
Process [7]
4.66649e-09
1.51368e-09
1.7859e-09
2.98893e-09
3.55017e-09
4.34639e-09
6.51263e-09
1.11118e-08
1.85544e-08
3.11431e-08
4.52244e-08
5.90211e-08
5.96285e-08
3.82835e-08
1.10642e-08
7.25249e-10
2.34426e-09
-1.86249e-09
-2.87483e-09
-2.10252e-09
-8.5382e-10
1.58948e-09
5.22101e-09
1.46088e-08
2.52368e-08
2.04064e-08
7.81847e-09
2.321e-08
7.70971e-08
1.28336e-07
1.2731e-07
7.99037e-08
7.132e-09
2.88177e-09
7.49095e-10
8.46818e-10
2.00014e-09
3.85469e-09
5.8071e-09
6.93014e-09
7.4093e-09
7.30987e-09
5.22268e-09
4.57097e-09
5.36039e-09
6.07167e-09
5.8653e-09
5.23549e-09
3.98505e-09
2.22652e-09
5.64859e-10
1.86465e-10
3.94225e-09
7.58537e-09
2.52679e-09
-3.67534e-11
-1.61411e-09
-2.52084e-09
-1.80541e-09
2.45975e-10
2.97507e-09
5.72077e-09
8.64718e-09
1.14243e-08
1.27522e-08
1.19446e-08
8.4314e-09
2.69395e-09
-3.1599e-10
6.6485e-09
3.45977e-09
2.70848e-09
2.54609e-09
1.95904e-09
2.05831e-09
3.08207e-09
5.17628e-09
8.04646e-09
1.12439e-08
1.41422e-08
1.55504e-08
1.51862e-08
1.46703e-08
1.60897e-08
1.52791e-08
-4.67164e-09
-1.33028e-07
-2.83999e-07
-2.44941e-07
-4.48889e-08
7.98813e-08
Process [8]
4.53991e-09
6.66329e-10
-5.34796e-10
7.59671e-10
4.93098e-09
1.49683e-08
3.84237e-08
6.46471e-08
3.75382e-09
-5.1449e-10
-2.62253e-09
2.04186e-09
1.25838e-08
8.82429e-09
-2.45108e-08
-6.77458e-08
-2.98553e-09
-6.12154e-09
-9.82608e-09
-1.10307e-08
-2.14166e-08
-4.18095e-08
-5.81234e-08
-5.14369e-08
-4.58013e-10
-2.19358e-09
-9.89768e-10
2.65108e-09
1.26545e-08
4.01354e-08
8.69455e-08
1.45776e-07
1.86661e-07
-9.19636e-10
-2.14818e-09
2.07013e-09
1.13411e-08
3.59484e-08
6.72619e-08
9.13668e-08
1.19887e-07
1.25735e-07
-4.62386e-09
-5.798e-09
-7.72619e-09
-7.12995e-09
-6.00059e-09
-1.83717e-08
-3.19624e-08
-3.91626e-08
-5.21244e-08
-1.04726e-08
-1.02382e-08
-1.85105e-08
-3.1263e-08
-5.19843e-08
-7.7009e-08
-7.95232e-08
-7.48403e-08
-7.55696e-08
-1.45517e-08
-1.73904e-08
-2.78346e-08
-4.1306e-08
-5.72951e-08
-6.6438e-08
-4.65178e-08
-2.34297e-08
-1.46723e-08
-1.40793e-08
-1.59185e-08
-1.91391e-08
-2.94546e-08
-3.2729e-08
-3.4263e-08
-2.14908e-08
1.03549e-08
2.72206e-08
2.80246e-08
-1.91904e-08
-2.05065e-08
-2.09684e-08
-1.76461e-08
-1.54461e-08
-2.49772e-09
1.88107e-08
4.36659e-08
4.11905e-08
3.44887e-08
Process [9]
6.5511e-09
4.62295e-09
4.23415e-10
-8.33141e-10
-2.23602e-09
-2.82812e-09
-1.7786e-09
-1.23281e-09
8.65278e-09
4.22834e-09
3.14332e-09
1.75414e-09
8.30423e-10
-7.72503e-10
1.32692e-09
7.39914e-09
1.56473e-09
-1.9072e-10
-5.6734e-10
-1.12084e-09
-1.24759e-09
1.88618e-11
5.07736e-09
8.10565e-09
1.85694e-09
5.6354e-10
2.11939e-10
-3.81098e-10
-9.67912e-10
-5.1595e-10
3.56619e-09
8.3875e-09
2.12162e-09
7.50736e-10
5.17875e-10
1.82431e-10
-4.54785e-10
-3.6507e-10
2.52424e-09
9.49811e-09
1.78048e-09
9.78362e-11
5.94337e-10
4.75352e-10
1.42766e-10
6.95305e-10
3.62475e-09
8.85271e-09
2.54529e-09
-1.30206e-11
-5.76656e-10
-4.18557e-10
-4.86205e-10
1.09546e-09
2.9874e-09
6.16407e-09
2.54925e-09
4.06467e-09
3.17275e-09
1.80929e-09
6.1006e-11
-3.2432e-10
1.83849e-09
2.84335e-09
3.20164e-09
2.10097e-09
1.42747e-09
-1.29835e-09
-4.06214e-09
6.6884e-10
4.22622e-09
3.24643e-09
2.21584e-09
1.54201e-09
-1.39038e-10
-6.51591e-09
6.1497e-10
5.74098e-09
4.71844e-09
3.6898e-09
2.66769e-09
-3.79582e-10
-9.35551e-09
-6.65432e-10
4.97245e-09
6.25656e-09
5.37457e-09
2.82324e-09
-6.41768e-09
Process [10]
-7.55822e-09
-5.85313e-09
-1.00621e-09
-1.55936e-10
8.53813e-10
1.932e-10
4.57717e-09
-9.5019e-09
-5.45413e-09
-2.41063e-09
-1.74103e-09
-8.67508e-10
-4.00372e-10
1.12741e-09
8.39874e-09
2.32053e-09
1.38583e-09
2.58051e-09
7.66162e-09
9.19209e-09
2.52595e-09
1.30333e-09
2.8688e-09
8.05192e-09
1.00036e-08
1.70413e-09
9.95016e-10
2.99558e-09
9.15685e-09
1.0605e-08
3.78299e-09
1.46388e-09
4.32018e-09
9.3088e-09
1.13345e-08
5.54693e-09
1.04431e-09
2.53282e-09
3.2207e-09
6.09867e-09
6.73663e-09
2.13349e-09
-6.20851e-11
1.32277e-09
2.50643e-09
3.5823e-09
4.52535e-09
7.57143e-09
-6.37286e-09
-2.28363e-09
-1.37464e-09
-8.09261e-10
3.55687e-10
2.11944e-09
1.61709e-10
-4.20994e-09
-9.28338e-12
4.8647e-10
6.70788e-10
2.26768e-09
4.48604e-09
9.61371e-10
-4.86249e-09
-4.76112e-10
1.07611e-09
1.04239e-09
2.75819e-09
3.85089e-09
3.45029e-10
-6.24574e-09
-8.56142e-10
6.46244e-10
3.97395e-10
1.91795e-09
1.78576e-09
-2.49953e-09
-6.64825e-09
-5.85352e-10
4.02861e-10
-1.03703e-11
1.11578e-09
3.52427e-10
-5.30032e-09
-6.82173e-09
-5.87322e-10
6.70419e-11
-2.54891e-10
7.44427e-10
-6.85567e-10
-6.83371e-09
Process [11]
-5.4009e-08
-1.45611e-08
8.72478e-08
2.70679e-07
8.31493e-07
1.96173e-06
2.22595e-06
-6.86071e-08
-3.35367e-08
1.19013e-08
9.95018e-08
2.83447e-07
1.00703e-07
4.19528e-07
6.82785e-08
4.79306e-08
-7.92985e-08
-6.87307e-09
1.21968e-07
1.86626e-07
5.10817e-08
-2.35022e-07
-3.7343e-08
-5.56232e-08
-1.28994e-07
-3.14656e-07
-4.97243e-07
-3.18356e-07
1.62243e-07
6.00086e-08
-9.56269e-08
-2.90525e-07
-5.28291e-07
-5.11383e-07
1.02391e-07
8.24159e-08
1.195e-07
2.33619e-07
7.36964e-07
1.67457e-06
1.04555e-06
-9.82553e-09
1.39342e-08
3.84861e-08
8.52926e-08
3.67842e-08
-9.16036e-07
-3.15948e-06
2.93219e-08
5.27941e-08
5.84029e-08
3.65542e-08
-6.62535e-08
-5.24016e-07
-2.90462e-06
3.75334e-08
5.99458e-08
5.28252e-08
-9.16923e-09
-9.52704e-08
-1.44608e-07
-3.53085e-07
1.01136e-08
4.89035e-08
1.36786e-08
-6.61348e-08
-8.76953e-08
1.54833e-07
2.68406e-07
-7.45603e-09
4.85481e-08
-6.58432e-09
-8.56513e-08
-6.66503e-08
1.32627e-07
1.38701e-07
-9.63699e-08
5.15881e-08
-2.08027e-08
-8.5547e-08
-4.12717e-08
2.65558e-08
9.72663e-08
5.72871e-08
4.75058e-08
-3.14552e-08
-7.8662e-08
-2.59987e-08
1.64671e-08
1.068e-07
1.58167e-07
Process [12]
1.09027e-10
-9.05629e-12
3.8019e-11
3.93067e-11
5.28606e-11
7.7127e-11
8.01005e-11
-1.91692e-11
2.76712e-10
-4.37036e-10
-3.58e-09
-1.21861e-10
-2.85464e-10
-2.54306e-10
-2.78996e-10
-2.74845e-10
-2.59951e-10
-2.65561e-10
-3.77107e-10
-1.65448e-10
-1.18357e-09
-5.01766e-09
-6.14926e-10
-7.74933e-10
-8.55803e-10
-7.83781e-10
-7.2171e-10
-4.95401e-10
-1.20362e-10
5.3704e-10
8.92654e-10
4.39278e-09
9.63607e-09
-7.98261e-10
-1.10245e-09
-1.16595e-09
-1.29009e-09
-1.40716e-09
-1.41511e-09
-1.37448e-09
-1.19966e-09
-1.21465e-09
-1.53919e-09
1.56663e-09
-9.05216e-10
-1.14668e-09
-1.25807e-09
-1.52024e-09
-1.78535e-09
-2.06537e-09
-2.39917e-09
-2.73737e-09
-3.10635e-09
-5.9916e-09
-6.25487e-09
-5.21315e-10
-5.58906e-10
-7.15679e-10
-9.07394e-10
-1.15608e-09
-1.45269e-09
-1.81452e-09
-2.17859e-09
-2.43318e-09
-4.31898e-09
-7.55463e-09
-2.93524e-11
2.14822e-11
-8.96138e-11
-1.56391e-10
-2.94631e-10
-4.49832e-10
-6.46461e-10
-8.27642e-10
-8.05345e-10
-1.1276e-09
-4.94955e-09
2.52113e-10
2.44946e-10
2.43015e-10
2.56752e-10
2.36937e-10
2.26681e-10
1.92974e-10
1.13999e-10
3.90649e-10
4.46928e-10
-3.14422e-09
Process [13]
-2.33843e-08
-1.15063e-07
-1.07065e-07
-1.27669e-07
-9.61172e-08
-9.56231e-08
-1.71726e-07
-6.25536e-08
3.25079e-08
-5.06623e-08
-7.41884e-08
-9.77909e-08
-6.55494e-08
-6.25618e-08
-1.57674e-07
-9.30583e-08
-2.48358e-07
-1.20553e-07
-8.26346e-08
-9.18205e-08
-7.77501e-09
2.67961e-08
1.75935e-08
2.71105e-08
2.33684e-08
5.61676e-08
1.08054e-07
6.6349e-08
-4.49858e-07
-4.42627e-07
-1.97491e-07
-4.64703e-08
1.01659e-08
5.25272e-08
5.22035e-08
6.02182e-08
9.66607e-08
9.14005e-08
5.81057e-08
-1.07015e-07
-1.00076e-07
-5.04772e-08
2.24458e-08
4.53897e-08
4.27269e-08
5.77758e-08
9.62301e-08
8.01971e-07
3.80849e-07
1.38795e-07
4.96962e-08
4.32686e-08
3.24656e-08
8.21779e-09
-2.25769e-11
8.19985e-08
8.76719e-08
1.53884e-07
3.90606e-08
3.14216e-08
3.3996e-08
1.34714e-08
-2.48475e-08
-5.88487e-08
5.63873e-08
-8.98904e-07
-2.4372e-07
-2.114e-07
-1.13881e-07
-6.82206e-08
-5.03008e-08
-6.89006e-08
-1.13049e-07
2.11776e-08
-8.15307e-07
-2.25305e-07
-2.24741e-07
-1.38787e-07
-1.21511e-07
-9.23129e-08
-9.73865e-08
-1.5512e-07
-2.17107e-08
1.10289e-08
-7.47515e-08
-5.52687e-08
-4.84402e-08
-9.72121e-09
-7.94966e-09
-1.2223e-07
-1.10949e-07
Process [14]
3.71291e-08
-4.11675e-08
-7.34716e-08
-2.97669e-08
2.88509e-08
6.64364e-08
1.15702e-07
9.531e-08
2.70998e-08
-5.19085e-08
-7.71795e-08
-4.84966e-08
-6.49682e-09
1.62708e-08
4.42016e-08
6.47542e-08
3.18027e-08
-5.05115e-08
-9.26781e-08
-8.81677e-08
-5.37144e-08
-1.94217e-08
1.16484e-08
4.81506e-08
7.77224e-08
-2.18334e-08
-9.81592e-08
-1.20532e-07
-8.84613e-08
-4.48169e-08
-1.02999e-09
3.77418e-08
1.37779e-07
3.59871e-08
-7.40283e-08
-1.30676e-07
-1.20784e-07
-8.04153e-08
-2.85768e-08
1.05515e-08
1.95921e-07
1.08439e-07
-2.10433e-08
-1.17142e-07
-1.45504e-07
-1.25166e-07
-7.79101e-08
-3.97384e-08
2.35861e-07
1.86785e-07
5.6964e-08
-7.317e-08
-1.46923e-07
-1.60823e-07
-1.31815e-07
-1.00789e-07
2.42449e-07
2.56549e-07
1.52869e-07
4.5749e-09
-1.12286e-07
-1.67932e-07
-1.67307e-07
-1.48737e-07
2.05283e-07
2.99586e-07
2.51022e-07
1.10164e-07
-3.58483e-08
-1.33113e-07
-1.67002e-07
-1.65657e-07
-1.71545e-07
1.12918e-07
2.94493e-07
3.27325e-07
2.24976e-07
7.22792e-08
-5.91222e-08
-1.3081e-07
-1.53565e-07
-1.69588e-07
-2.77888e-08
2.27692e-07
3.58219e-07
3.27647e-07
1.98094e-07
4.90043e-08
-5.91137e-08
-1.08264e-07
-1.36504e-07
Process [15]
-9.19692e-09
-3.1102e-09
-3.67261e-10
8.36723e-10
2.73943e-09
4.3299e-09
5.67354e-09
6.37841e-09
6.08504e-09
4.3186e-09
1.56408e-09
-3.04439e-09
-1.11609e-08
-1.06923e-08
-4.94239e-09
-2.57034e-09
-9.24507e-10
1.2466e-09
3.30058e-09
5.15487e-09
6.22319e-09
6.07571e-09
4.42999e-09
1.84717e-09
-2.2236e-09
-7.53173e-09
-3.62175e-09
3.21881e-09
6.36619e-09
5.18139e-09
2.25985e-09
-8.74696e-09
-6.38653e-09
1.9507e-09
5.11152e-09
3.6816e-09
6.39333e-10
-1.07213e-08
-7.0759e-09
1.13477e-09
4.21577e-09
2.01272e-09
-8.30689e-10
-1.2022e-08
-8.37504e-09
-1.95293e-09
6.50021e-10
5.10544e-10
1.89775e-09
2.74467e-09
3.68024e-09
4.67209e-09
5.06599e-09
3.84629e-09
1.6269e-09
-2.76378e-09
-1.38322e-08
-1.0667e-08
-5.80827e-09
-4.69288e-09
-3.49821e-09
-1.61196e-09
2.02853e-10
2.0391e-09
3.28621e-09
3.54067e-09
2.64334e-09
1.05474e-09
-1.4464e-09
-3.67863e-09
-8.83397e-09
-5.18527e-09
-5.74458e-09
-4.86186e-09
-3.86151e-09
-2.82896e-09
-1.63553e-09
-8.75399e-10
-7.48516e-10
-1.32308e-09
-1.90603e-09
-2.29229e-09
-1.22557e-09
-5.39239e-09
-4.33505e-09
-6.68348e-09
-5.81639e-09
-4.80091e-09
Process [16]
-3.43019e-10
-3.24338e-10
-4.64715e-10
-6.92989e-10
-1.02487e-09
-1.50917e-09
-2.10379e-09
-2.8604e-09
-3.45094e-09
-5.00817e-09
-8.80342e-09
2.4104e-11
1.64334e-10
7.24132e-11
-7.13735e-11
-3.284e-10
-7.48096e-10
-1.26593e-09
-1.95876e-09
-2.60689e-09
-3.57101e-09
-6.59754e-09
-2.59144e-10
-4.08598e-10
-4.28376e-10
-4.7216e-10
-5.10512e-10
-5.3743e-10
-5.91628e-10
-7.09009e-10
-5.88174e-10
-1.37009e-09
-5.91213e-09
-3.63108e-10
-5.12166e-10
-5.725e-10
-6.50692e-10
-7.39453e-10
-8.218e-10
-9.37314e-10
-1.07424e-09
-1.0527e-09
-1.66494e-09
-6.5698e-09
-4.15433e-10
-5.91742e-10
-6.58334e-10
-8.09441e-10
-9.87584e-10
-1.20004e-09
-1.43522e-09
-1.79565e-09
-1.53567e-09
-3.07653e-09
-7.57428e-09
-6.25815e-10
-7.79206e-10
-9.13663e-10
-1.13704e-09
-1.40762e-09
-1.74245e-09
-2.1189e-09
-2.5736e-09
-2.64406e-09
-4.37406e-09
-8.28448e-09
-5.95369e-10
-6.74752e-10
-8.41248e-10
-1.10025e-09
-1.4428e-09
-1.90084e-09
-2.44504e-09
-3.10287e-09
-3.50594e-09
-5.40115e-09
-9.24241e-09
2.59156e-10
4.28882e-10
4.10778e-10
3.80937e-10
2.87612e-10
7.64735e-11
-1.76367e-10
-4.47325e-10
-1.30461e-09
-9.76863e-10
-4.17494e-09
Process [17]
5.50311e-09
2.0163e-08
3.01244e-08
2.76492e-08
5.79393e-09
-3.2156e-08
-5.92474e-08
-3.83007e-08
3.92608e-08
1.07972e-07
1.02635e-07
1.18956e-08
2.73964e-08
3.98685e-08
3.5686e-08
5.52557e-09
-4.54539e-08
-8.61569e-08
-7.06807e-08
1.53338e-08
1.17304e-07
1.45057e-07
-2.17579e-08
-2.03707e-08
-1.61913e-08
-1.11005e-08
4.29494e-09
1.62315e-08
2.99161e-08
3.69126e-08
1.46143e-08
1.3851e-08
3.38084e-08
-2.09294e-08
-1.6131e-08
-8.96367e-09
1.24298e-09
1.87698e-08
2.60833e-08
2.8608e-08
2.40839e-08
1.69463e-09
1.2242e-08
4.38426e-08
-1.98918e-08
-1.13081e-08
-5.37012e-10
1.10948e-08
2.52694e-08
2.51174e-08
1.20684e-08
3.07406e-09
2.23695e-10
2.73971e-08
6.62478e-08
-1.41143e-08
-5.07183e-09
7.93877e-09
1.74399e-08
2.2768e-08
1.17601e-08
-1.45342e-08
-1.61862e-08
7.04236e-09
4.74778e-08
8.33058e-08
-7.53275e-09
2.53697e-09
1.46308e-08
2.11621e-08
1.70002e-08
-3.58243e-09
-3.22649e-08
-2.5319e-08
1.65371e-08
6.28156e-08
8.66544e-08
1.14417e-10
1.28052e-08
2.25352e-08
2.4032e-08
1.11967e-08
-1.82837e-08
-4.47352e-08
-3.10595e-08
3.08111e-08
8.20251e-08
8.43289e-08
Process [18]
-3.63579e-09
-4.67932e-09
-5.67605e-09
-6.03595e-09
-5.76544e-09
-6.42939e-09
-7.15361e-09
-8.51992e-09
-9.93916e-09
-1.01731e-08
-8.06958e-09
-3.23558e-10
-1.50518e-09
-3.06023e-09
-5.09049e-09
-5.04029e-09
-5.23189e-09
-6.34884e-09
-7.79108e-09
-1.03572e-08
-1.32974e-08
-1.58674e-08
-1.48004e-08
-5.34143e-09
-3.93402e-09
-5.2072e-09
-4.22467e-09
-5.36728e-09
-5.24777e-09
-5.8003e-09
-4.91934e-09
7.73548e-10
-1.29023e-10
-2.24729e-09
-4.40218e-09
-3.95227e-09
-4.18967e-09
-5.31096e-09
-6.93818e-09
-1.00239e-08
-1.47359e-08
-1.88882e-08
-2.0804e-08
-1.30643e-08
3.26554e-10
-1.7892e-09
-3.92659e-09
-2.99329e-09
-3.03772e-09
-3.90663e-09
-5.16137e-09
-8.84439e-09
-1.37886e-08
-2.06768e-08
-2.53256e-08
-2.11964e-08
-9.13077e-10
-2.77832e-09
-3.55993e-09
-2.30743e-09
-1.99382e-09
-3.2408e-09
-5.79289e-09
-1.12812e-08
-1.95663e-08
-2.73162e-08
-2.76581e-08
-1.47517e-09
-3.4408e-09
-4.31402e-09
-2.0529e-09
-1.68282e-09
-2.16844e-09
-3.29398e-09
-8.1818e-09
-1.64243e-08
-2.69066e-08
-3.14216e-08
-2.80456e-09
-4.48101e-09
-4.07783e-09
-2.10185e-09
-1.0331e-09
-8.06869e-11
-3.64932e-10
-3.80263e-09
-1.1871e-08
-2.40938e-08
-3.37687e-08
Process [19]
2.47801e-08
6.06054e-08
4.84453e-08
2.76365e-08
-8.82641e-08
-9.00402e-08
-6.29918e-08
2.69627e-09
5.47973e-08
5.50407e-08
3.5543e-08
6.50998e-08
-2.9878e-08
5.54144e-09
2.05968e-08
6.25872e-08
5.84285e-08
-7.18644e-08
-1.10904e-07
1.12563e-07
6.44526e-08
9.23812e-08
1.03003e-07
1.35936e-07
1.20821e-07
-1.77349e-08
-9.51653e-08
1.12178e-07
1.41894e-07
1.58059e-07
1.79465e-07
1.5684e-07
2.61971e-08
-6.86229e-08
1.1066e-07
1.437e-07
1.64379e-07
1.77151e-07
1.5826e-07
4.99782e-08
-3.99076e-08
9.14519e-08
1.17108e-07
1.33122e-07
1.41865e-07
1.34672e-07
5.58475e-08
-1.49613e-08
6.5221e-08
7.6331e-08
8.31901e-08
9.39383e-08
1.01558e-07
5.19589e-08
2.46246e-09
2.66142e-08
2.69362e-08
3.09335e-08
5.30744e-08
7.47343e-08
4.70133e-08
1.67275e-08
-2.68799e-08
-2.93584e-08
-1.70844e-08
-1.42182e-07
-1.41825e-07
-1.05719e-07
-1.73433e-08
5.43693e-08
6.53712e-08
4.75321e-08
-1.83523e-07
-1.49306e-07
-4.71893e-08
4.43756e-08
7.45159e-08
5.25448e-08
-1.97207e-07
-1.8162e-07
-8.49298e-08
2.98423e-08
8.302e-08
6.6891e-08
-1.79604e-07
-1.96594e-07
-1.26262e-07
-3.21967e-09
8.89704e-08
7.69415e-08
Process [20]
3.67443e-09
4.46473e-09
3.907e-09
3.6633e-09
3.17195e-09
2.52239e-09
1.79056e-09
9.80646e-10
2.38696e-10
-4.19704e-10
-1.29533e-09
-1.12168e-09
1.03445e-10
4.80109e-09
5.68459e-09
4.8417e-09
4.43439e-09
3.74119e-09
2.93797e-09
2.08635e-09
1.18434e-09
3.59008e-10
-4.32722e-10
-1.4382e-09
-1.31767e-09
2.35665e-11
6.31188e-10
8.34951e-10
9.09585e-10
8.99112e-10
8.35274e-10
6.02298e-10
2.58953e-10
-1.2975e-10
-6.89269e-10
-1.05652e-09
-1.36295e-09
-1.52083e-09
1.09197e-09
1.45001e-09
1.50093e-09
1.50833e-09
1.4546e-09
1.21326e-09
8.79967e-10
5.31389e-10
7.8396e-11
-3.74017e-10
-9.38814e-11
5.24411e-10
1.71153e-09
2.24257e-09
2.17575e-09
2.16008e-09
2.04021e-09
1.73362e-09
1.35215e-09
9.7666e-10
5.62833e-10
-8.9943e-12
4.39601e-10
1.55132e-09
2.51226e-09
3.20407e-09
2.9209e-09
2.81961e-09
2.54698e-09
2.10458e-09
1.59774e-09
1.12152e-09
6.78071e-10
-5.75815e-11
4.9974e-10
1.70636e-09
5.95065e-09
6.82605e-09
5.71631e-09
5.11154e-09
4.08931e-09
3.01752e-09
1.89551e-09
7.56473e-10
-3.16959e-10
-1.2571e-09
-2.37746e-09
-2.90183e-09
-1.65892e-09
-2.29452e-09
9.59667e-09
Process [21]
-1.23956e-08
4.17573e-08
1.02037e-07
1.48858e-07
1.27063e-07
1.09319e-08
-1.72388e-07
-3.1874e-07
-3.10487e-07
-1.30884e-07
-3.99131e-08
-2.98236e-08
1.49506e-08
8.55343e-08
1.55948e-07
1.74399e-07
9.19088e-08
-9.45184e-08
-3.00244e-07
-3.87827e-07
-2.78703e-07
1.33952e-08
3.57922e-08
5.24906e-08
5.04054e-08
1.5682e-08
-5.04499e-08
-1.12902e-07
-1.15029e-07
-2.69844e-08
1.05745e-07
1.75212e-07
1.05521e-08
3.6509e-08
6.30942e-08
6.95239e-08
3.6422e-08
-4.0551e-08
-1.29026e-07
-1.62637e-07
-8.9412e-08
6.31726e-08
1.84963e-07
2.69867e-09
3.25601e-08
6.86566e-08
8.82176e-08
6.4886e-08
-1.51455e-08
-1.27779e-07
-2.02388e-07
-1.63486e-07
-8.32651e-09
1.61619e-07
-7.65792e-09
2.32918e-08
6.75309e-08
1.02562e-07
9.68002e-08
2.4286e-08
-1.04572e-07
-2.23227e-07
-2.36376e-07
-1.03358e-07
9.90342e-08
-1.90731e-08
9.18203e-09
5.81904e-08
1.09143e-07
1.26979e-07
7.44499e-08
-5.71406e-08
-2.14887e-07
-2.9292e-07
-2.10146e-07
-9.58685e-10
-3.06634e-08
-4.07191e-08
-4.38444e-08
-1.22184e-08
5.69577e-08
1.45633e-07
2.06167e-07
1.74052e-07
1.31361e-08
-2.25013e-07
-4.05124e-07
-4.03222e-08
-5.01338e-08
Process [22]
-4.10685e-07
-2.08843e-07
9.56917e-08
3.21994e-07
3.87544e-07
3.13051e-07
1.68743e-07
3.32998e-08
-4.99584e-07
-3.79066e-07
-8.84995e-08
2.10574e-07
3.82912e-07
3.93455e-07
2.86962e-07
1.43888e-07
-5.0032e-07
-5.16337e-07
-2.93574e-07
3.19589e-08
2.99307e-07
4.13028e-07
3.7424e-07
2.43805e-07
-4.13115e-07
-5.80242e-07
-4.79395e-07
-1.86064e-07
1.44104e-07
3.64971e-07
4.22481e-07
3.35635e-07
-2.47115e-07
-5.51629e-07
-6.10398e-07
-4.11885e-07
-7.4111e-08
2.28991e-07
3.91619e-07
3.7999e-07
-1.57369e-08
-4.1196e-07
-6.36026e-07
-5.80316e-07
-2.94717e-07
5.07581e-08
3.12017e-07
3.96638e-07
2.19395e-07
-2.03749e-07
-5.70743e-07
-6.90228e-07
-5.21143e-07
-1.92084e-07
1.42947e-07
3.4566e-07
4.32062e-07
6.01061e-08
-3.90217e-07
-6.73503e-07
-6.53669e-07
-3.9246e-07
-3.25372e-08
2.52105e-07
5.82512e-07
3.37074e-07
-1.25417e-07
-5.57101e-07
-7.43143e-07
-6.42607e-07
-3.28316e-07
4.28113e-08
5.6098e-07
4.54487e-07
6.68703e-08
-3.71513e-07
-6.07705e-07
-5.53679e-07
-2.78633e-07
7.24483e-08
5.29906e-07
6.34985e-07
4.17331e-07
5.09107e-09
-3.57986e-07
-5.0511e-07
-4.28615e-07
-1.87956e-07
Process [23]
-2.67989e-09
-6.85038e-09
-1.46467e-09
-4.32147e-10
2.51948e-09
1.3848e-09
-4.92693e-09
-1.96496e-08
-4.00069e-08
-4.50604e-09
-6.28399e-09
-5.34195e-10
8.19828e-10
4.86601e-09
5.51419e-09
1.46901e-09
-1.16765e-08
-3.39658e-08
1.80265e-09
-9.84786e-10
2.46993e-09
3.92284e-09
3.2925e-09
-2.40401e-09
-1.40813e-08
-2.47894e-08
-1.65749e-09
-5.60756e-09
-1.26891e-09
1.20627e-09
3.11972e-09
6.27426e-10
-8.83272e-09
-2.06561e-08
-6.25569e-09
-4.81944e-09
1.90824e-09
5.62229e-09
1.01077e-08
9.42052e-09
4.39249e-10
-2.03141e-08
-9.43626e-09
-6.54765e-09
-1.06298e-09
4.8775e-09
1.16227e-08
1.60694e-08
1.31225e-08
-2.50256e-09
-1.17203e-08
-9.28197e-09
-4.94729e-09
1.05945e-09
9.29282e-09
1.80579e-08
2.25997e-08
1.57755e-08
-1.33579e-08
-1.11722e-08
-8.5502e-09
-3.29934e-09
4.7648e-09
1.61093e-08
2.66866e-08
3.00761e-08
-1.28773e-08
-1.23742e-08
-1.13491e-08
-8.16068e-09
-1.2197e-09
1.0636e-08
2.5424e-08
3.73921e-08
-1.26342e-08
-1.27669e-08
-1.31152e-08
-1.20924e-08
-7.64225e-09
2.61171e-09
1.83847e-08
3.6264e-08
-1.16451e-08
-1.27128e-08
-1.43557e-08
-1.56275e-08
-1.47745e-08
-8.49257e-09
4.30267e-09
2.37347e-08
Process [24]
4.44001e-09
6.2424e-09
5.19404e-09
4.46088e-09
3.13859e-09
1.93438e-09
-4.11264e-11
-9.81263e-10
2.59102e-09
5.22696e-09
6.49616e-09
5.43421e-09
4.25101e-09
2.45868e-09
1.23827e-09
-1.25678e-09
3.46554e-09
4.31541e-09
-2.65495e-09
-1.06239e-09
5.77218e-10
7.88426e-10
1.69353e-09
7.56476e-09
6.16782e-10
2.0125e-09
1.51656e-09
1.27708e-09
1.3802e-09
1.43281e-09
4.78459e-10
1.83303e-09
6.14885e-09
2.54897e-09
4.35592e-09
3.35672e-09
2.94357e-09
2.37265e-09
1.91108e-09
7.1161e-11
5.43786e-10
3.73381e-09
3.35525e-09
5.23587e-09
4.19361e-09
3.66486e-09
2.74285e-09
1.97957e-09
-1.80253e-10
-3.03195e-10
2.89274e-09
5.23927e-09
6.25723e-09
5.47533e-09
4.40268e-09
2.63685e-09
1.7028e-09
-9.73879e-10
3.47988e-09
4.90888e-09
5.60803e-09
5.08141e-09
4.22624e-09
2.57294e-09
2.161e-09
-6.44342e-10
3.41451e-09
4.3294e-09
4.71121e-09
4.60487e-09
4.0934e-09
2.88207e-09
2.70554e-09
5.17153e-10
3.89814e-09
3.71344e-09
3.94601e-09
4.03428e-09
3.8092e-09
2.95578e-09
3.09723e-09
1.33151e-09
4.28868e-09
2.49893e-09
2.48579e-09
2.89621e-09
2.95866e-09
2.69482e-09
2.8295e-09
1.61037e-09
3.86835e-09
Process [25]
2.37839e-09
-3.36799e-09
-9.50687e-10
-3.49426e-09
-4.72768e-09
-6.22087e-09
-7.17569e-09
-8.36573e-09
-9.61005e-09
2.68449e-09
-2.74985e-09
3.8012e-10
-3.02866e-09
-3.73338e-09
-5.35957e-09
-6.71216e-09
-8.12364e-09
-1.0695e-08
6.06859e-09
-1.55115e-09
-2.3484e-09
-1.10174e-09
-1.46292e-09
-1.98096e-09
2.58706e-09
1.84336e-09
-2.4345e-09
-4.28832e-09
-1.88006e-09
-3.16826e-09
-4.41973e-09
-4.65325e-10
1.66661e-09
-2.5337e-09
-5.7819e-09
-1.94204e-09
-3.66102e-09
-4.81538e-09
-1.0874e-09
8.76525e-10
-3.38537e-09
-6.42401e-09
-3.04413e-09
-4.80003e-09
-5.69196e-09
-3.02637e-09
3.63593e-10
-4.18909e-09
-5.85301e-09
-4.07463e-09
-6.73742e-09
-6.41853e-09
-7.02092e-09
-5.58122e-09
1.95609e-09
-4.03467e-09
-2.02126e-09
-3.84675e-09
-5.27266e-09
-6.54057e-09
-7.034e-09
-7.74211e-09
-7.52576e-09
3.53008e-09
-1.09578e-09
1.17143e-09
-2.01503e-09
-2.64633e-09
-4.42517e-09
-5.80611e-09
-7.44976e-09
-1.05191e-08
4.23614e-09
1.18786e-10
2.31241e-09
-8.98341e-10
-1.34752e-09
-3.18181e-09
-4.70625e-09
-6.61682e-09
-1.0353e-08
4.63556e-09
8.93979e-10
2.74772e-09
7.21803e-10
1.569e-10
-1.47151e-09
-3.09788e-09
-4.75252e-09
-8.24518e-09
Process [26]
1.36428e-08
-3.18116e-08
-9.74959e-08
-1.61555e-07
-1.75475e-07
-8.58409e-08
1.23682e-07
3.84919e-07
5.4062e-07
3.52335e-08
4.11572e-09
-5.80954e-08
-1.40986e-07
-2.03866e-07
-1.81732e-07
-2.27221e-08
2.57009e-07
5.23196e-07
-3.46611e-08
2.30224e-08
1.20371e-07
2.17682e-07
2.46465e-07
1.37302e-07
-1.00829e-07
-3.71283e-07
-6.13868e-08
-6.33019e-08
-2.14218e-08
7.22644e-08
1.96042e-07
2.85282e-07
2.52226e-07
5.38322e-08
-2.54005e-07
-6.43317e-08
-8.418e-08
-6.57232e-08
1.0563e-08
1.42841e-07
2.82332e-07
3.36092e-07
2.16498e-07
-7.88696e-08
-5.66106e-08
-9.31693e-08
-1.01965e-07
-5.54355e-08
6.46982e-08
2.33665e-07
3.68443e-07
3.5353e-07
1.23554e-07
-3.80638e-08
-8.58286e-08
-1.21102e-07
-1.12012e-07
-2.33867e-08
1.48511e-07
3.44922e-07
4.4374e-07
3.25589e-07
-1.26853e-08
-6.43574e-08
-1.20881e-07
-1.51895e-07
-1.11713e-07
3.14753e-08
2.54538e-07
4.51453e-07
4.69068e-07
4.75559e-08
3.52944e-08
-1.18796e-08
-9.64135e-08
-1.93211e-07
-2.39094e-07
-1.59992e-07
7.51856e-08
3.7971e-07
4.55594e-08
5.35546e-08
3.26678e-08
-3.15909e-08
-1.35285e-07
-2.30175e-07
-2.37257e-07
-8.21567e-08
2.22021e-07
Process [27]
2.88444e-07
2.3087e-07
7.3708e-08
1.12888e-07
3.37849e-07
2.96047e-07
2.13985e-08
-2.61922e-07
3.0866e-08
5.76157e-08
-1.37049e-07
-2.13023e-07
-7.82208e-08
9.09948e-08
1.15715e-07
-5.08294e-08
-4.29969e-08
-7.82883e-08
-1.27473e-07
-1.83549e-07
-1.67998e-07
-5.21934e-08
7.87122e-08
8.58408e-08
4.24859e-08
-7.52439e-10
-4.2076e-08
-1.26922e-07
-1.81137e-07
-1.06599e-07
4.87462e-08
9.63662e-08
1.22005e-07
7.19333e-08
5.06594e-08
-4.20403e-08
-1.66167e-07
-1.64832e-07
9.01756e-09
8.44599e-08
2.05861e-07
1.42705e-07
1.42166e-07
7.11963e-08
-1.0975e-07
-2.01845e-07
-6.97087e-08
2.86966e-08
2.65662e-07
1.89278e-07
2.13682e-07
1.95036e-07
3.69101e-09
-1.79894e-07
-1.37448e-07
8.084e-10
3.16983e-07
2.1591e-07
2.3664e-07
2.75216e-07
1.23089e-07
-1.49326e-07
-1.99681e-07
-1.19557e-07
3.48145e-07
2.51057e-07
2.49001e-07
3.40617e-07
2.74596e-07
-2.87072e-09
-1.90039e-07
-2.00509e-07
3.23079e-07
2.16921e-07
1.67549e-07
3.00612e-07
3.45509e-07
1.25417e-07
-2.07492e-07
-2.91021e-07
2.65027e-07
2.35053e-07
1.43056e-07
2.34362e-07
4.10386e-07
3.42563e-07
-3.51346e-08
-1.80078e-07
