Vec Object: 28 MPI processes
  type: mpi
Process [0]
1.03258e-07
-8.96716e-08
1.17408e-09
-2.6178e-08
-1.28832e-08
-3.29871e-09
7.16954e-09
1.29424e-08
1.49177e-08
2.3566e-08
2.02402e-08
8.91584e-09
1.18256e-08
4.93615e-09
8.29564e-10
-2.83266e-09
-5.61183e-09
-7.17328e-09
-1.46013e-08
-8.16935e-09
1.37619e-08
-3.98112e-09
3.75042e-09
6.50371e-11
6.20096e-10
5.53192e-11
-6.70353e-10
-1.21236e-09
-9.19993e-09
-1.0801e-08
9.04784e-09
-1.24843e-08
-3.05508e-09
-5.98172e-09
-3.48722e-09
-2.30755e-09
-1.51482e-09
-5.26793e-10
-8.54718e-09
-1.11564e-08
1.33102e-08
-1.09447e-08
-2.55755e-09
-7.68618e-09
-6.99392e-09
-7.52918e-09
-8.43529e-09
-9.00131e-09
-1.80854e-08
-1.96023e-08
1.15078e-08
-1.80525e-08
-5.93764e-09
-9.69414e-09
-6.42608e-09
-4.99938e-09
-4.19006e-09
-3.59989e-09
-1.18231e-08
-1.16613e-08
8.81647e-09
-2.54287e-08
-1.17132e-08
-1.57805e-08
-1.19732e-08
-1.04722e-08
-9.86683e-09
-1.00796e-08
-1.75082e-08
-1.44995e-08
2.30367e-09
-3.74432e-08
-1.95094e-08
-2.19723e-08
-1.52029e-08
-1.13292e-08
-8.51754e-09
-7.18945e-09
-1.25337e-08
-9.19977e-09
1.44497e-09
-4.12829e-08
-2.37354e-08
-2.7883e-08
-2.25866e-08
-2.0946e-08
-2.06257e-08
-2.2695e-08
-3.87173e-08
-6.47568e-08
Process [1]
9.58043e-07
1.32722e-06
1.23785e-06
2.50787e-06
-1.62303e-06
7.78427e-06
-1.02967e-05
-1.47034e-05
5.78637e-07
1.06458e-06
7.58825e-07
2.77103e-06
-2.65376e-06
8.86795e-06
-8.17559e-06
-1.64158e-05
1.29863e-07
7.25815e-07
1.33114e-07
2.96012e-06
-3.72084e-06
9.28944e-06
-5.39315e-06
-1.69116e-05
-3.23043e-07
3.86794e-07
-5.47507e-07
3.02184e-06
-4.66374e-06
8.9462e-06
-2.53252e-06
-1.63003e-05
-6.87826e-07
1.12835e-07
-1.17772e-06
2.98519e-06
-5.36274e-06
7.95571e-06
-9.39187e-08
-1.48503e-05
-1.05754e-06
-1.31652e-07
-1.68558e-06
2.84216e-06
-5.74961e-06
6.55383e-06
1.59436e-06
-1.2905e-05
-9.09459e-07
-9.70517e-08
-1.94175e-06
2.65742e-06
-5.81869e-06
5.01098e-06
2.44844e-06
-1.07665e-05
-8.26314e-07
-8.49125e-09
-2.01894e-06
2.44949e-06
-5.63546e-06
3.5685e-06
2.5741e-06
-8.69258e-06
-3.04653e-07
2.18852e-07
-1.90685e-06
2.30608e-06
-5.28805e-06
2.32041e-06
2.16534e-06
-6.79142e-06
1.26721e-06
1.01984e-06
-1.37871e-06
2.27951e-06
-4.92009e-06
1.32659e-06
1.52121e-06
-5.13843e-06
-2.16762e-07
8.90654e-07
-1.15546e-06
2.15883e-06
-4.48901e-06
6.23147e-07
6.53068e-07
-3.83899e-06
Process [2]
1.71947e-07
3.67565e-07
4.91663e-07
5.91194e-07
8.10735e-07
9.25191e-07
1.15453e-06
1.42291e-06
1.52423e-06
1.79018e-06
-1.60882e-07
4.49396e-06
-1.11172e-05
-7.59603e-06
6.95331e-08
2.71372e-07
4.01899e-07
5.05495e-07
7.49821e-07
8.81354e-07
1.11834e-06
1.43194e-06
1.48316e-06
2.18443e-06
-7.39702e-07
6.26386e-06
-1.13932e-05
-1.17693e-05
8.6118e-07
9.56008e-07
9.10901e-07
7.30879e-07
5.21821e-07
1.58014e-07
-1.86339e-07
-5.1255e-07
-7.35422e-07
-8.84231e-07
-4.95059e-07
-4.10696e-07
3.23458e-06
1.61501e-05
1.47672e-07
2.5561e-07
3.00721e-07
3.19936e-07
4.17897e-07
4.28907e-07
5.0413e-07
5.6816e-07
5.78325e-07
4.17444e-07
-1.60679e-07
7.45056e-07
-7.30819e-06
2.63184e-06
2.28776e-07
4.03883e-07
5.0758e-07
5.88894e-07
7.86099e-07
8.97705e-07
1.12012e-06
1.35278e-06
1.50733e-06
1.55109e-06
4.05455e-07
2.95461e-06
-9.29171e-06
-2.47597e-06
-1.30445e-08
1.53282e-07
2.60129e-07
3.43731e-07
5.78545e-07
6.97556e-07
-1.11888e-07
-6.94483e-09
4.37787e-08
8.78812e-08
3.02038e-07
3.82081e-07
-1.38772e-07
-5.89427e-08
-8.84822e-08
-1.52964e-07
-2.93216e-08
5.50598e-09
Process [3]
1.93034e-08
-2.39085e-08
-8.55974e-08
-1.74051e-07
-2.67357e-07
-3.47809e-07
-3.86731e-07
-3.62265e-07
-2.68635e-07
-8.68942e-08
1.50196e-08
-1.19823e-08
-6.25329e-08
-1.52556e-07
-2.54393e-07
-3.5213e-07
-4.16863e-07
-4.21031e-07
-3.41484e-07
-1.60138e-07
9.57047e-08
5.31163e-08
5.22387e-08
8.08534e-08
1.30514e-07
2.00217e-07
2.95866e-07
4.20053e-07
5.65746e-07
7.53041e-07
-8.16693e-09
-8.46272e-08
-1.41329e-07
-1.79632e-07
-1.98538e-07
-1.96791e-07
-1.6864e-07
-1.13085e-07
-3.38208e-08
8.97178e-08
1.83795e-08
-5.85357e-08
-1.24065e-07
-1.76847e-07
-2.09533e-07
-2.13805e-07
-1.79334e-07
-1.0464e-07
1.40645e-09
1.45115e-07
1.65266e-08
-5.37292e-08
-1.24149e-07
-1.92769e-07
-2.48675e-07
-2.77119e-07
-2.59727e-07
-1.90972e-07
-7.88276e-08
8.33381e-08
5.52403e-09
-5.28439e-08
-1.21326e-07
-2.01558e-07
-2.784e-07
-3.34027e-07
-3.43676e-07
-2.91697e-07
-1.84494e-07
-1.69932e-08
7.05998e-08
4.3664e-08
-1.6466e-09
-8.5444e-08
-1.85724e-07
-2.90199e-07
-3.6643e-07
-3.82945e-07
-3.22722e-07
-1.69643e-07
8.41268e-08
7.99136e-08
4.17973e-08
-2.66215e-08
-1.14043e-07
-1.89118e-07
1.66299e-07
1.55583e-07
1.20197e-07
6.26745e-08
9.33744e-09
Process [4]
-6.67601e-09
-9.1268e-09
-2.86565e-09
-2.65176e-10
-1.31167e-08
5.5559e-09
1.00911e-08
5.54405e-08
-7.2726e-08
-3.81276e-08
-6.75274e-10
1.70141e-08
8.49118e-08
-1.89419e-07
9.79989e-08
8.47625e-08
1.4566e-08
-5.45522e-08
3.363e-08
1.60354e-10
-1.90201e-09
-8.46989e-09
-1.5638e-08
-2.97134e-08
-2.31899e-09
2.94931e-08
-1.12903e-07
2.75054e-08
-1.20523e-08
-9.88852e-09
-3.14376e-08
-6.09087e-08
-1.03203e-08
-1.36255e-08
-1.65715e-08
-9.24447e-09
-1.45976e-08
-1.73856e-08
-2.86039e-08
-4.84752e-08
-9.26687e-09
-9.29424e-09
-1.06903e-08
-1.31659e-09
-5.97987e-09
-8.31736e-09
-1.55914e-08
-1.90544e-08
-1.07504e-08
-2.25112e-10
5.71222e-08
-1.42117e-07
5.46811e-08
4.04506e-09
1.20991e-08
2.39386e-08
-9.89797e-09
-1.10301e-08
-3.84898e-09
-1.34033e-08
1.54623e-09
-9.5898e-10
7.94863e-09
5.04321e-08
-9.20137e-09
-2.87484e-09
1.31983e-08
7.48693e-08
-1.67353e-07
7.38713e-08
2.06902e-08
7.60429e-08
-4.23374e-08
-3.31898e-08
3.75962e-08
-2.13832e-07
1.87983e-08
-1.05256e-07
-8.641e-08
-6.56674e-08
-7.99875e-08
-6.88347e-08
-1.43062e-07
-1.06713e-07
-7.14202e-08
-3.59776e-08
-2.43442e-07
Process [5]
-3.68396e-08
1.01897e-08
3.49755e-08
5.76383e-08
8.02756e-08
1.05921e-07
1.29591e-07
1.55115e-07
-5.65696e-08
-2.30577e-08
1.5281e-08
4.47777e-08
7.89242e-08
1.14925e-07
1.36359e-07
1.40949e-07
-2.95132e-08
-4.90274e-09
1.14089e-08
1.57275e-08
2.24453e-08
2.74323e-08
4.23521e-08
9.58745e-08
-6.08646e-08
-2.41991e-08
-2.30718e-09
-3.90451e-10
2.62597e-09
1.66401e-09
1.59393e-09
2.26222e-08
-4.82119e-08
-2.36659e-08
-7.80892e-09
-1.76078e-09
7.64051e-09
1.41008e-08
2.19068e-08
4.66733e-08
-2.02045e-08
-1.98918e-08
-1.59882e-08
-1.17325e-08
-2.5445e-09
5.70104e-09
1.59384e-08
3.96379e-08
2.65355e-08
-3.38854e-10
-6.7744e-09
-3.09667e-09
4.29868e-09
1.05629e-08
1.5165e-08
2.6677e-08
5.66571e-08
9.19676e-09
-2.90385e-09
6.08923e-09
1.76448e-08
2.823e-08
3.37032e-08
3.85572e-08
6.96164e-08
1.6605e-08
1.28914e-09
1.18991e-08
2.32838e-08
3.44127e-08
3.62817e-08
3.37464e-08
6.31259e-08
1.80294e-08
1.02452e-08
2.66181e-08
4.30345e-08
5.92972e-08
7.01906e-08
8.07674e-08
9.94902e-08
2.63453e-08
1.73432e-08
3.31456e-08
4.95243e-08
6.65401e-08
7.83383e-08
8.08941e-08
Process [6]
3.99704e-08
-1.03819e-08
6.37316e-09
-1.07097e-09
1.36734e-10
-3.12397e-09
-7.17913e-09
-1.34673e-08
-2.18887e-08
-3.2475e-08
-4.45929e-08
-7.80931e-08
-1.28396e-07
5.49261e-08
4.28439e-09
2.10711e-08
1.34736e-08
1.36538e-08
9.1313e-09
3.43788e-09
-4.89811e-09
-1.5916e-08
-2.98112e-08
-4.41563e-08
-8.10724e-08
-1.24507e-07
1.81674e-08
-2.68028e-08
-9.86612e-09
-1.53737e-08
-1.1292e-08
-1.10513e-08
-1.1496e-08
-1.38661e-08
-1.78187e-08
-2.33525e-08
-3.083e-08
-4.30392e-08
-4.95107e-08
2.79719e-08
-2.02778e-08
-3.12624e-09
-9.46229e-09
-6.42096e-09
-7.43723e-09
-8.97406e-09
-1.23886e-08
-1.75062e-08
-2.44512e-08
-3.35594e-08
-5.80094e-08
-9.44575e-08
6.1437e-08
1.22678e-08
3.07753e-08
2.51208e-08
2.69988e-08
2.45495e-08
2.08526e-08
1.44938e-08
5.26886e-09
-7.53147e-09
-2.0591e-08
-4.25598e-08
-5.09642e-08
5.68345e-08
1.15427e-08
3.13122e-08
2.84583e-08
3.33091e-08
3.48881e-08
3.56988e-08
3.44641e-08
3.09155e-08
2.40688e-08
1.69204e-08
2.02418e-08
7.88434e-08
4.4233e-08
5.93575e-09
2.36899e-08
2.22624e-08
2.7926e-08
3.11807e-08
3.40644e-08
3.54463e-08
3.50458e-08
3.20485e-08
2.88505e-08
1.96688e-08
3.52603e-08
Process [7]
1.27577e-07
1.66526e-07
2.00827e-07
1.96795e-07
1.95759e-07
2.2493e-07
3.37343e-07
5.8712e-07
1.0497e-06
1.8979e-06
2.4487e-06
2.93799e-06
2.81692e-06
2.06701e-06
1.00291e-06
-3.2144e-09
1.51883e-07
1.2152e-07
1.27171e-07
1.21607e-07
1.32639e-07
2.25382e-07
4.9323e-07
1.39573e-06
3.34473e-06
5.76203e-06
8.31932e-06
9.81279e-06
8.94301e-06
6.69096e-06
3.68442e-06
1.2648e-06
-2.59023e-07
-2.85227e-07
-2.22776e-07
-8.76881e-08
-5.14731e-08
1.93221e-08
-1.12635e-07
-3.42053e-07
-3.72574e-07
-3.92561e-07
-6.06137e-08
-1.08694e-07
-7.27339e-08
4.1194e-08
2.34904e-07
3.29758e-07
4.05071e-07
1.74603e-07
-2.4771e-07
-5.0144e-07
-6.20615e-07
1.54833e-07
1.89562e-07
1.94637e-07
1.57689e-07
1.11875e-07
7.49867e-08
7.59309e-08
1.59673e-07
3.36159e-07
6.18558e-07
8.09208e-07
9.53494e-07
6.73774e-07
5.23147e-08
-4.9169e-07
-8.42378e-07
1.28225e-07
1.95415e-07
2.36303e-07
2.25837e-07
2.13835e-07
2.2535e-07
2.96032e-07
4.78894e-07
7.98098e-07
1.28445e-06
1.7458e-06
2.20931e-06
2.16848e-06
1.50623e-06
5.65116e-07
-2.8317e-07
1.00885e-05
9.15795e-06
9.41092e-06
9.67213e-06
7.05649e-06
3.79706e-06
Process [8]
6.25892e-08
-5.27199e-08
-1.69111e-07
-2.88302e-07
-3.34369e-07
-1.68053e-07
1.12338e-06
4.19046e-06
-3.32165e-07
-5.33974e-07
-7.40831e-07
-8.51095e-07
-5.52721e-07
1.22816e-06
5.21048e-06
9.5646e-06
-7.0459e-07
-8.25586e-07
-7.12237e-07
1.54964e-08
2.29751e-06
7.10623e-06
1.24581e-05
1.48512e-05
-7.93466e-07
-7.18696e-07
-5.41197e-07
4.02463e-07
2.66408e-06
7.47877e-06
1.36834e-05
1.72138e-05
1.49798e-05
-5.7782e-07
-5.03337e-07
5.53496e-07
2.74549e-06
6.8051e-06
1.28606e-05
1.78475e-05
1.75191e-05
1.04852e-05
-1.23379e-06
4.94305e-07
1.63523e-06
4.69397e-06
8.89288e-06
1.40045e-05
1.64362e-05
1.2303e-05
2.48549e-06
5.50082e-06
-5.36935e-07
3.15727e-06
6.2686e-06
1.10719e-05
1.51038e-05
1.41921e-05
6.49012e-06
-3.77448e-06
2.31296e-06
3.03548e-06
4.52899e-06
7.04371e-06
9.56586e-06
1.00136e-05
5.71946e-06
-2.53353e-06
-9.82646e-06
-3.85862e-07
-1.08317e-06
1.23069e-05
1.75945e-06
4.61293e-06
2.20952e-06
-9.52766e-07
-5.77773e-06
-1.12529e-05
-1.41545e-05
-3.51713e-07
5.05417e-07
-9.03652e-07
1.47042e-05
-2.43327e-07
5.15331e-07
-3.32077e-06
-5.98383e-06
-9.67414e-06
-1.00824e-05
Process [9]
-2.61984e-07
-2.71769e-07
-4.26577e-07
7.33877e-07
-4.19587e-07
-1.8754e-07
-3.69883e-07
-4.7563e-07
-2.21312e-07
-3.01287e-07
-3.15204e-07
-6.54287e-07
1.27654e-06
-7.20456e-07
-4.9269e-07
-4.35527e-08
-4.67005e-08
1.4989e-09
1.76623e-08
5.41919e-08
9.30574e-08
1.11153e-07
1.08841e-07
-1.57845e-07
-7.34866e-08
-4.19083e-08
-1.58698e-08
1.84648e-08
5.87268e-08
7.43877e-08
9.56626e-08
-8.78917e-08
-1.2645e-07
-9.1848e-08
-7.54849e-08
-3.74717e-08
1.70435e-09
2.991e-08
1.14556e-07
-1.9989e-07
2.61462e-08
-1.82963e-07
-1.12851e-07
-1.01195e-07
-5.49001e-08
-4.77961e-08
8.18046e-09
-2.73423e-07
-3.62164e-07
3.35666e-07
-2.78071e-07
-1.25709e-07
-1.65978e-07
-1.6931e-07
-2.08729e-07
-2.32223e-07
-2.68966e-07
-3.77074e-07
-4.67245e-07
-9.73474e-07
2.03118e-06
-1.18861e-06
-3.28574e-07
-2.93237e-07
-3.15456e-07
-5.54171e-07
-6.0833e-07
-1.37513e-06
3.26323e-06
-2.66811e-07
-2.25962e-07
-2.51117e-07
-4.28226e-07
-6.81321e-07
-7.05302e-07
-1.81329e-06
-3.54116e-07
-2.10479e-07
-1.59617e-07
-2.82769e-07
-3.53178e-07
-2.48729e-07
-8.63444e-08
-5.7471e-07
-2.65604e-07
-1.07548e-07
-1.97871e-07
-3.49834e-07
-8.59747e-07
Process [10]
-8.58764e-08
-1.06207e-08
1.85908e-08
6.44299e-09
-7.26279e-09
-6.24276e-08
-1.50201e-07
-1.29272e-07
-1.94946e-08
2.55039e-08
6.10779e-09
-4.93368e-09
-7.66464e-08
-2.12618e-07
-1.53087e-07
-1.41278e-07
-1.11708e-07
-1.29255e-07
-1.15818e-07
-9.30945e-08
-1.25529e-07
-1.29143e-07
-1.51675e-07
-1.13283e-07
1.73136e-08
-7.7243e-08
-1.12877e-07
-1.60832e-07
-1.3647e-07
-1.45511e-08
-6.34447e-08
-8.31932e-08
-1.49094e-07
-1.97453e-07
-9.78461e-08
-3.12246e-08
-2.21175e-09
-2.13976e-08
-4.88176e-08
-1.14895e-07
-1.70161e-07
-9.27956e-08
-2.68414e-08
2.1167e-09
-9.12888e-09
-2.98072e-08
-8.84445e-08
-1.5573e-07
-8.90775e-08
1.9772e-08
5.42238e-08
3.25981e-08
2.1688e-08
-3.74711e-08
-1.69081e-07
-1.38449e-07
1.25553e-08
8.34183e-08
7.22194e-08
6.69438e-08
-1.35318e-10
-2.10398e-07
-3.2098e-07
-9.10684e-08
5.19025e-08
6.4699e-08
6.85783e-08
-2.79056e-08
-3.78168e-07
-2.49182e-07
-7.92185e-08
2.93791e-08
5.87786e-08
7.18235e-08
2.27715e-08
-2.45523e-07
-1.96902e-07
-8.03186e-08
1.69337e-08
6.69541e-08
9.85719e-08
3.56473e-08
-2.01645e-07
-2.23922e-07
-1.25231e-07
-2.53658e-08
4.24677e-08
9.14828e-08
5.96562e-08
-1.47706e-07
Process [11]
-9.07832e-06
-1.79885e-05
-2.30484e-05
-2.58636e-05
-2.13545e-05
-1.66607e-05
-1.01413e-05
-1.23112e-05
-1.69868e-05
-1.86559e-05
-1.83779e-05
-1.27951e-05
-5.47783e-06
5.26237e-06
7.87614e-06
1.03534e-05
1.11295e-05
8.06927e-06
5.86565e-07
-9.22239e-06
-1.53716e-05
-9.95721e-06
1.11551e-05
1.39847e-06
-1.03706e-05
-2.48152e-05
-3.52066e-05
-3.53725e-05
5.71965e-06
-7.282e-06
-1.9417e-05
-3.08603e-05
-3.53802e-05
-4.00365e-05
-1.65892e-06
-1.40656e-05
-2.33115e-05
-2.99778e-05
-2.99479e-05
-2.85639e-05
-2.71543e-05
-1.37272e-05
-1.43316e-05
-1.32781e-05
-1.07895e-05
-5.4788e-06
1.0309e-05
2.12749e-05
-1.35519e-05
-1.08868e-05
-8.03637e-06
-4.65667e-06
6.94903e-07
2.15718e-05
2.03292e-05
-7.51296e-06
-4.07367e-06
-1.29704e-06
1.37492e-06
5.6015e-06
1.96378e-05
1.11278e-05
1.79123e-05
-5.87164e-07
2.12408e-06
4.38296e-06
8.35266e-06
1.72706e-05
1.34123e-05
2.31403e-05
2.51777e-06
4.9417e-06
6.71871e-06
1.02476e-05
1.59716e-05
1.28443e-05
2.16946e-05
4.53038e-06
6.55698e-06
7.60007e-06
1.00252e-05
1.15099e-05
9.82891e-06
1.60014e-05
4.1084e-06
6.59162e-06
7.80669e-06
9.92387e-06
9.66636e-06
7.36853e-06
1.03427e-05
Process [12]
-1.43394e-08
7.8008e-09
-1.32476e-08
9.64087e-10
4.458e-10
-7.155e-09
-1.61848e-08
-2.53882e-08
-3.30688e-08
-9.03971e-08
-2.77244e-07
-4.51652e-08
1.56435e-08
-3.11565e-08
-4.22162e-09
-7.88112e-09
-1.94179e-08
-3.24915e-08
-4.54849e-08
-5.55353e-08
-8.50143e-08
-2.11275e-07
2.89046e-08
-1.04223e-09
1.17065e-08
9.65244e-09
1.29238e-08
1.3809e-08
1.41207e-08
1.30679e-08
1.15876e-08
-2.02273e-08
-8.37298e-08
2.39459e-08
2.62344e-09
1.14316e-08
9.98732e-09
1.20209e-08
1.16026e-08
1.04261e-08
8.0419e-09
6.42287e-09
-2.9278e-08
-1.04757e-07
2.29757e-08
8.20064e-09
1.47174e-08
1.48885e-08
1.7113e-08
1.67302e-08
1.54725e-08
1.29956e-08
1.26842e-08
-2.16577e-08
-1.02519e-07
2.42873e-08
1.477e-08
1.93075e-08
2.13919e-08
2.36279e-08
2.22197e-08
1.92577e-08
1.46387e-08
1.3412e-08
-3.33283e-08
-1.46747e-07
2.27135e-08
1.7071e-08
1.98349e-08
2.54491e-08
2.98928e-08
3.04187e-08
2.9941e-08
2.78962e-08
2.94853e-08
4.57067e-09
-8.98544e-08
9.72156e-09
1.16396e-08
7.18541e-09
1.60538e-08
1.98663e-08
1.87594e-08
1.70915e-08
1.50415e-08
1.6988e-08
-1.67085e-08
-1.3793e-07
Process [13]
1.37099e-05
9.1971e-06
2.82891e-06
2.75678e-06
-4.486e-06
-7.94881e-07
-7.28467e-06
-5.04602e-06
1.45134e-05
1.01392e-05
2.95227e-06
3.19269e-06
-5.65103e-06
-7.53817e-08
-8.63235e-06
-7.66833e-06
-4.77034e-06
-1.32596e-06
-2.59909e-05
-1.38206e-05
-5.52775e-06
-9.08404e-07
-1.51655e-06
1.86188e-06
-4.22969e-06
9.68463e-09
-2.31212e-07
-2.6925e-06
-3.57697e-05
-2.36757e-05
-1.06052e-05
-2.94828e-06
-2.07323e-06
1.42726e-06
-4.09543e-06
-4.27042e-07
-1.11319e-06
-1.81261e-06
-2.34379e-05
-1.1422e-05
-3.38217e-06
-2.06844e-06
1.28009e-06
-3.99134e-06
-7.58393e-07
-2.01817e-06
-1.20516e-06
-1.62197e-05
-7.60531e-06
-1.73629e-06
-1.23657e-06
1.39682e-06
-3.86724e-06
-9.90484e-07
-2.98823e-06
-8.28353e-07
-9.07818e-06
-1.28682e-06
1.16669e-06
-9.1632e-08
1.63825e-06
-3.76302e-06
-1.07576e-06
-3.92315e-06
-7.61455e-07
-3.43298e-06
6.34555e-06
4.90837e-06
1.499e-06
1.99738e-06
-3.56694e-06
-1.17138e-06
-5.1322e-06
-8.89791e-07
5.43447e-06
1.22071e-05
7.54723e-06
2.58615e-06
2.31396e-06
-3.66266e-06
-1.0961e-06
-6.17993e-06
-2.19092e-06
1.2259e-05
9.33251e-06
2.6736e-06
3.09745e-06
-6.5442e-06
1.17669e-06
-1.01152e-05
-1.0112e-05
Process [14]
5.05896e-06
7.19784e-06
7.99018e-06
9.09012e-06
7.63519e-06
4.93899e-06
6.42973e-06
4.3015e-06
4.49539e-06
5.75727e-06
5.35355e-06
5.39297e-06
3.5012e-06
2.41986e-06
3.53147e-06
2.24407e-06
2.63033e-06
3.45366e-06
2.96098e-06
3.14073e-06
1.72169e-06
9.33349e-07
1.45069e-06
9.77045e-07
7.57532e-07
1.56148e-06
1.39058e-06
1.6266e-06
8.04997e-07
4.48583e-07
5.72427e-07
4.89831e-07
-5.58137e-07
2.4114e-07
3.64118e-07
5.87078e-07
1.87774e-07
3.57356e-09
1.21684e-07
4.00782e-07
-1.44939e-06
-7.49243e-07
-4.62958e-07
-1.70043e-07
-2.06499e-07
-1.26626e-07
1.12649e-07
5.90632e-07
-2.17152e-06
-1.47164e-06
-1.04251e-06
-6.35692e-07
-3.9307e-07
-6.5732e-08
3.14582e-07
8.64899e-07
-2.6672e-06
-1.9845e-06
-1.43353e-06
-8.98432e-07
-4.40389e-07
8.07638e-08
5.76877e-07
1.15009e-06
-2.90725e-06
-2.33735e-06
-1.74181e-06
-1.07383e-06
-4.41851e-07
2.25734e-07
7.81971e-07
1.29443e-06
1.69186e-06
-3.03771e-06
-2.52781e-06
-1.89593e-06
-1.12724e-06
-3.77007e-07
3.8219e-07
9.53078e-07
1.39915e-06
1.66954e-06
-2.97366e-06
-2.57126e-06
-1.94956e-06
-1.14924e-06
-3.36866e-07
4.644e-07
1.05869e-06
1.39827e-06
1.53832e-06
Process [15]
-2.29105e-08
-8.5429e-08
-7.95617e-08
-3.30277e-08
7.97121e-09
1.58577e-08
-4.25439e-10
-2.43621e-08
-2.92642e-08
1.12393e-08
1.22717e-07
3.91833e-07
9.50377e-07
-2.10574e-07
-2.13528e-07
-1.40869e-07
-6.22786e-08
1.57521e-08
7.3305e-08
1.09249e-07
1.31227e-07
1.55705e-07
1.98142e-07
2.66418e-07
3.86165e-07
5.7336e-07
-4.11952e-07
-1.93939e-07
-6.18259e-08
-5.97025e-08
-7.80168e-08
-2.46165e-07
-3.02738e-07
-1.92907e-07
-6.01664e-08
5.41039e-08
2.20691e-07
2.24955e-07
-3.32106e-07
-2.56914e-07
-1.00163e-07
6.35525e-08
2.89339e-07
5.01154e-07
-3.28738e-09
-5.53745e-08
-6.59834e-08
-3.22792e-08
-5.27103e-09
-1.67233e-08
-5.58404e-08
-1.00413e-07
-1.12112e-07
-5.78136e-08
6.7509e-08
3.77018e-07
7.18822e-07
-4.07889e-07
-3.51224e-07
-2.47788e-07
-1.63662e-07
-5.91841e-08
4.51785e-08
1.44332e-07
2.39092e-07
3.36445e-07
4.47938e-07
5.71474e-07
8.00502e-07
8.06321e-07
-5.45872e-07
-4.66347e-07
-3.74401e-07
-2.96224e-07
-1.88662e-07
-6.17845e-08
8.04511e-08
2.36771e-07
4.12643e-07
6.07031e-07
8.84065e-07
1.07207e-06
1.87387e-06
-5.92091e-07
-4.90165e-07
-4.39975e-07
-4.52203e-07
-5.07467e-07
Process [16]
-1.17199e-07
7.45304e-09
-9.1146e-08
-5.07997e-08
-7.49847e-08
-1.10592e-07
-1.52416e-07
-1.97112e-07
-2.33414e-07
-2.97962e-07
-3.8001e-07
-8.62796e-08
9.08782e-09
-6.88312e-08
-4.13678e-08
-6.67322e-08
-1.06261e-07
-1.54904e-07
-2.10376e-07
-2.65031e-07
-3.63807e-07
-5.06633e-07
-8.59844e-08
2.79519e-08
-5.3742e-08
-9.6455e-09
-1.83058e-08
-3.49258e-08
-5.34352e-08
-7.07138e-08
-8.01072e-08
-1.11152e-07
-1.95563e-07
-1.26299e-07
4.00583e-08
-7.65588e-08
-1.63262e-08
-3.16085e-08
-5.50893e-08
-8.15441e-08
-1.06565e-07
-1.22132e-07
-1.51594e-07
-2.16945e-07
-1.42503e-07
5.37629e-08
-7.9841e-08
-6.81848e-09
-2.10205e-08
-4.17793e-08
-6.46655e-08
-8.6482e-08
-9.4582e-08
-5.69638e-08
-6.9335e-09
-1.48929e-07
4.17449e-08
-9.15918e-08
-2.11241e-08
-3.69774e-08
-5.89991e-08
-8.24951e-08
-1.03919e-07
-1.12105e-07
-7.78259e-08
-3.12766e-09
-1.42128e-07
1.83056e-08
-1.0138e-07
-4.51613e-08
-6.58896e-08
-9.48108e-08
-1.26802e-07
-1.57909e-07
-1.77791e-07
-1.91395e-07
-1.92592e-07
-4.96005e-08
2.71937e-08
-3.20814e-08
-1.05127e-08
-3.10477e-08
-6.60229e-08
-1.10888e-07
-1.65408e-07
-2.26236e-07
-3.23638e-07
-5.20917e-07
Process [17]
-3.15013e-07
2.80337e-06
1.35592e-06
8.06089e-07
-6.35285e-07
-2.55947e-06
-4.48844e-06
-5.27486e-06
-4.17324e-06
-1.93151e-06
6.42641e-07
2.30972e-06
1.5644e-06
1.44829e-06
7.9744e-07
-4.20475e-07
-2.15389e-06
-3.85522e-06
-4.70014e-06
-4.16542e-06
-2.51112e-06
-6.63627e-07
5.06479e-07
1.38036e-06
2.32561e-06
4.10824e-06
3.19878e-06
-1.17597e-06
-5.42546e-06
-8.35177e-06
-9.19058e-06
-7.44078e-06
-4.01699e-06
7.36646e-07
1.32247e-06
1.82156e-06
2.62615e-06
2.15381e-06
-2.49888e-06
-6.16065e-06
-8.15619e-06
-7.63358e-06
-5.01093e-06
-1.03105e-06
1.31248e-06
1.64971e-06
5.91656e-06
-5.63883e-06
5.07038e-06
-2.13348e-06
-3.96636e-06
-6.19018e-06
-5.30339e-06
-2.54696e-06
1.27856e-06
1.32125e-06
4.63585e-06
-2.72335e-06
5.67594e-06
-5.36125e-08
-2.3949e-06
-6.00131e-06
-8.34381e-06
-7.60829e-06
-3.861e-06
5.11337e-07
7.47926e-07
1.52577e-06
3.29052e-06
1.10922e-06
-4.27796e-07
-2.90855e-06
-5.76527e-06
-7.3679e-06
-6.28271e-06
-2.46786e-06
1.91101e-06
2.13539e-06
-1.45724e-06
3.13171e-06
7.0169e-07
-1.37456e-07
-2.51727e-06
-4.72286e-06
-5.57746e-06
-4.39082e-06
-1.51655e-06
2.09462e-06
Process [18]
-6.59751e-07
-5.8003e-07
-5.02964e-07
-4.34814e-07
-3.35596e-07
-1.89529e-07
1.53809e-08
2.96778e-07
6.14485e-07
1.2049e-06
6.80937e-07
1.77087e-06
-6.49234e-07
-5.93395e-07
-5.57528e-07
-5.10211e-07
-4.24617e-07
-2.87715e-07
-8.10997e-08
1.82682e-07
6.06636e-07
5.95e-07
1.40467e-06
1.39175e-06
-3.66843e-07
-1.51439e-07
4.91413e-08
3.13501e-07
6.32007e-07
9.39114e-07
1.6156e-06
3.66615e-07
-5.86244e-07
-5.73329e-07
-5.76974e-07
-5.55699e-07
-4.95265e-07
-3.81874e-07
-2.06397e-07
5.12967e-08
2.91212e-07
8.05001e-07
1.07798e-06
1.39373e-06
-5.31033e-07
-5.30439e-07
-5.52035e-07
-5.57402e-07
-5.30421e-07
-4.56811e-07
-3.66641e-07
8.35823e-09
1.70333e-07
5.70497e-07
9.2385e-07
1.33385e-06
-5.54298e-07
-5.48697e-07
-5.45015e-07
-5.38661e-07
-4.84105e-07
-3.85726e-07
-2.03121e-07
7.20748e-08
4.14953e-07
7.68268e-07
1.19339e-06
-4.40881e-07
-4.50888e-07
-5.13073e-07
-5.44282e-07
-6.02683e-07
-2.2403e-07
-3.74397e-07
-6.4616e-08
2.27835e-07
5.60739e-07
9.48375e-07
-6.01396e-07
-5.00812e-07
-4.50247e-07
-5.8011e-07
-2.12964e-07
-5.33952e-07
-3.1978e-07
-1.63561e-07
1.03108e-07
3.63466e-07
7.98076e-07
Process [19]
2.77161e-06
1.04611e-06
-2.58264e-05
-1.3291e-05
1.26652e-06
2.05076e-06
2.55651e-06
2.76581e-06
-4.44632e-07
-2.6012e-05
-1.24802e-05
9.26126e-06
7.37485e-06
2.19154e-06
2.44585e-06
-6.74837e-06
2.83967e-06
-1.20924e-05
-1.21792e-05
6.61393e-06
5.03253e-06
1.60202e-06
1.47482e-06
-6.11125e-06
4.45351e-06
-1.43473e-05
-1.37908e-05
3.14698e-06
1.12096e-06
6.84656e-07
-4.60707e-06
5.65426e-06
-1.68212e-05
-1.48847e-05
1.64892e-06
6.72708e-07
3.09469e-07
-2.56251e-06
6.05039e-06
-1.93884e-05
-1.54208e-05
7.79247e-07
5.66088e-07
4.73559e-07
-5.0102e-07
5.60473e-06
-2.17556e-05
-1.53565e-05
4.99223e-07
8.53258e-07
1.05711e-06
1.19954e-06
4.4118e-06
-2.37164e-05
-1.48847e-05
6.12824e-07
1.29959e-06
1.7439e-06
2.27136e-06
2.73411e-06
-2.51048e-05
-1.41547e-05
9.33066e-07
1.70887e-06
2.25865e-06
1.55829e-06
2.19778e-06
2.61842e-06
2.44032e-06
-1.54275e-06
-2.57179e-05
-1.19237e-05
2.2301e-06
2.48095e-06
2.11687e-06
-2.01202e-06
-2.50722e-05
-1.16837e-05
2.08663e-06
2.24156e-06
1.91812e-06
-1.9557e-06
-2.41548e-05
-1.19408e-05
1.87961e-06
2.06272e-06
1.85144e-06
-1.36998e-06
-2.30232e-05
-1.25773e-05
Process [20]
1.28698e-07
2.16474e-07
1.4857e-07
1.43107e-07
1.08458e-07
6.42368e-08
1.29562e-08
-4.72986e-08
-1.17677e-07
-1.98772e-07
-2.79539e-07
-4.07182e-07
-5.33259e-07
1.56189e-07
2.309e-07
1.64078e-07
1.53792e-07
1.19382e-07
7.91027e-08
3.48946e-08
-1.55995e-08
-7.42292e-08
-1.42764e-07
-2.10878e-07
-3.1129e-07
-4.3016e-07
-3.13111e-08
4.11697e-08
-1.25883e-08
1.15869e-09
-2.2361e-08
-6.12432e-08
-1.11193e-07
-1.71673e-07
-2.40601e-07
-3.13156e-07
-4.44843e-07
-6.30269e-07
3.6685e-09
8.34762e-08
3.02956e-08
3.99073e-08
1.40117e-08
-2.78873e-08
-8.18683e-08
-1.47932e-07
-2.24884e-07
-3.05243e-07
-4.41695e-07
-6.27313e-07
4.45172e-08
1.32675e-07
7.59891e-08
8.18502e-08
5.3561e-08
1.02811e-08
-4.45437e-08
-1.11456e-07
-1.90185e-07
-2.73157e-07
-4.02496e-07
-5.61557e-07
8.56928e-08
1.76919e-07
1.14306e-07
1.14879e-07
8.32443e-08
3.89142e-08
-1.51734e-08
-8.00936e-08
-1.5625e-07
-2.35582e-07
-3.58406e-07
-5.04481e-07
1.65535e-07
2.31568e-07
1.64083e-07
1.47119e-07
1.08764e-07
6.67101e-08
2.27116e-08
-2.59404e-08
-8.13303e-08
-1.44238e-07
-2.0799e-07
-3.53667e-07
-5.54573e-07
7.41676e-08
3.19155e-07
Process [21]
2.25331e-06
2.34749e-06
2.32722e-06
1.78649e-06
8.16128e-07
-4.98287e-07
-1.86902e-06
-2.93162e-06
-3.46675e-06
-3.45095e-06
1.48233e-06
2.03795e-06
2.33962e-06
2.37634e-06
2.04119e-06
1.26789e-06
1.12598e-07
-1.20455e-06
-2.34858e-06
-3.05129e-06
-3.19314e-06
1.57231e-06
1.85672e-06
1.63265e-06
1.05515e-06
-1.12863e-07
-1.73273e-06
-3.36438e-06
-4.34341e-06
-4.22311e-06
-3.1511e-06
-1.74216e-06
1.80053e-06
2.06923e-06
1.91438e-06
1.37224e-06
2.74258e-07
-1.26645e-06
-2.88441e-06
-4.01863e-06
-4.234e-06
-3.55709e-06
-2.46256e-06
1.92818e-06
2.25916e-06
2.13739e-06
1.6759e-06
6.87336e-07
-7.45566e-07
-2.32774e-06
-3.57799e-06
-4.07829e-06
-3.78062e-06
-3.02794e-06
1.96309e-06
2.34583e-06
2.27646e-06
1.92038e-06
1.06868e-06
-2.30979e-07
-1.74825e-06
-3.0727e-06
-3.80506e-06
-3.84101e-06
-3.37666e-06
1.87695e-06
2.33795e-06
2.37094e-06
2.13579e-06
1.44275e-06
3.0068e-07
-1.12502e-06
-2.49144e-06
-3.41903e-06
-3.71702e-06
-3.46201e-06
1.70873e-06
1.26176e-06
1.90475e-06
2.24481e-06
2.42483e-06
2.26588e-06
1.69896e-06
7.29113e-07
-5.00336e-07
-1.72087e-06
-2.59937e-06
9.70404e-07
1.44415e-06
Process [22]
-2.92564e-06
-2.8309e-06
-2.4801e-06
-1.91234e-06
-1.1223e-06
-2.50417e-07
5.46101e-07
1.01669e-06
-2.54269e-06
-2.56333e-06
-2.32564e-06
-1.82832e-06
-1.07213e-06
-2.21189e-07
5.55133e-07
9.25306e-07
-2.08642e-06
-2.29384e-06
-2.17611e-06
-1.771e-06
-1.0812e-06
-2.75898e-07
4.44727e-07
7.5544e-07
-1.60187e-06
-1.9993e-06
-2.02862e-06
-1.75146e-06
-1.16396e-06
-4.43325e-07
2.05002e-07
4.83291e-07
-1.12222e-06
-1.61136e-06
-1.7449e-06
-1.60374e-06
-1.13872e-06
-5.15241e-07
7.11356e-08
3.4767e-07
-7.83974e-07
-1.40663e-06
-1.69285e-06
-1.72945e-06
-1.4309e-06
-9.56002e-07
-4.86857e-07
-2.61308e-07
-1.46973e-07
-8.24935e-07
-1.1879e-06
-1.31943e-06
-1.1087e-06
-6.90801e-07
-2.29245e-07
3.02038e-08
-1.50991e-07
-9.25085e-07
-1.52769e-06
-1.9205e-06
-1.99279e-06
-1.85063e-06
-1.64824e-06
-1.58595e-06
8.03061e-07
1.57423e-07
-4.42696e-07
-7.73386e-07
-7.65362e-07
-5.02742e-07
-1.3179e-07
1.13729e-07
2.66396e-07
-3.48214e-07
-1.00967e-06
-1.51283e-06
-1.80664e-06
-1.89639e-06
-1.84665e-06
-1.65005e-06
1.11156e-06
6.11101e-07
5.76366e-08
-3.92117e-08
3.17298e-07
1.02534e-06
1.93857e-06
2.68333e-06
Process [23]
-4.713e-07
-4.8069e-07
-5.38621e-07
-5.04359e-07
-4.45665e-07
-3.2255e-07
-1.16178e-07
1.16972e-07
6.32083e-07
-3.27436e-07
-4.24813e-07
-4.86629e-07
-4.97077e-07
-4.72721e-07
-3.92918e-07
-2.33089e-07
-2.56826e-08
3.94692e-07
-6.1114e-07
-5.5778e-07
-3.92354e-07
-3.12375e-07
-1.89655e-07
9.76767e-09
2.16598e-07
5.35484e-07
-2.33826e-07
-6.29807e-07
-5.08762e-07
-4.67848e-07
-3.44218e-07
-1.72588e-07
1.3364e-08
3.69208e-07
-3.78109e-07
-4.5381e-07
-4.95355e-07
-4.87789e-07
-4.38437e-07
-3.2006e-07
-1.69736e-07
2.08456e-07
-3.65973e-07
-4.54177e-07
-4.92177e-07
-5.06898e-07
-4.89323e-07
-4.13538e-07
-3.15043e-07
1.96325e-08
-3.50862e-07
-4.35442e-07
-4.78282e-07
-5.07344e-07
-5.12758e-07
-4.70376e-07
-4.09492e-07
-1.07055e-07
-3.35004e-07
-4.1194e-07
-4.60168e-07
-5.03974e-07
-5.30461e-07
-5.17399e-07
-4.81514e-07
-2.31539e-07
-3.14849e-07
-3.87356e-07
-4.31043e-07
-4.80365e-07
-5.17853e-07
-5.25428e-07
-5.2235e-07
-3.07521e-07
-3.01523e-07
-3.76465e-07
-4.25239e-07
-4.8566e-07
-5.44087e-07
-5.85067e-07
-6.21729e-07
-4.70727e-07
-2.72669e-07
-3.7426e-07
-4.28808e-07
-4.82714e-07
-5.32293e-07
-5.69279e-07
-5.94386e-07
-4.43252e-07
Process [24]
1.11473e-07
1.42162e-07
1.20998e-07
1.05437e-07
8.02563e-08
5.43662e-08
3.256e-08
1.3514e-08
-2.99136e-08
9.98416e-08
1.27318e-07
1.10765e-07
9.63814e-08
7.12636e-08
4.64589e-08
3.66503e-08
1.41095e-08
2.91099e-07
7.38247e-08
3.01925e-08
-3.30633e-09
-3.78333e-08
-1.34539e-07
-1.89355e-07
1.85457e-07
2.3342e-07
1.8185e-07
1.57628e-07
1.18176e-07
7.8733e-08
4.74759e-08
5.58469e-09
-7.68029e-09
1.56078e-07
1.96257e-07
1.57693e-07
1.36568e-07
1.03134e-07
6.95839e-08
4.00901e-08
5.45143e-09
-4.81378e-08
1.29557e-07
1.64034e-07
1.34872e-07
1.16127e-07
8.67473e-08
5.68972e-08
3.08315e-08
4.09814e-09
-4.66651e-08
8.63753e-08
1.11048e-07
9.94344e-08
8.81285e-08
6.66666e-08
4.50855e-08
3.56506e-08
1.4019e-08
7.53391e-08
9.88155e-08
8.81308e-08
7.73339e-08
5.62538e-08
3.56688e-08
2.34079e-08
-7.11705e-09
7.40895e-08
9.81758e-08
8.7975e-08
7.69964e-08
5.44811e-08
3.34546e-08
1.48661e-08
-1.50508e-08
5.90019e-08
8.01872e-08
7.17925e-08
6.36399e-08
4.48388e-08
2.69122e-08
8.98926e-09
-1.09832e-08
-5.52297e-09
2.08276e-07
1.63573e-07
1.444e-07
1.17564e-07
8.84379e-08
5.65566e-08
7.01077e-08
Process [25]
-5.08083e-08
-3.43365e-08
-4.13759e-08
-7.86167e-08
-1.53399e-07
-9.96805e-09
-2.26437e-07
-2.28446e-07
-2.86809e-07
-6.11302e-08
-3.46608e-08
-3.42236e-08
-5.85239e-08
-7.99046e-08
-1.21272e-07
-1.51228e-07
-1.92109e-07
-2.47609e-07
-1.74305e-07
-2.44651e-07
-2.58949e-07
-3.05096e-07
-3.70858e-07
-4.84513e-07
-5.7795e-07
9.09354e-10
-1.26424e-07
-2.00676e-07
-2.73897e-07
-3.51198e-07
-4.39754e-07
-5.22157e-07
-1.3537e-07
-1.17582e-07
-1.23582e-07
-1.99693e-07
-2.7057e-07
-4.42972e-07
-1.72048e-07
-1.17512e-07
-9.5942e-08
-1.03321e-07
-1.53448e-07
-2.00638e-07
-2.68299e-07
-3.32574e-07
-9.20768e-08
-7.46665e-08
-9.19668e-08
-1.46838e-07
-2.55324e-07
-6.39707e-08
-3.74757e-07
-3.43241e-07
-6.22216e-08
-4.21115e-08
-4.30236e-08
-7.58397e-08
-1.08511e-07
-1.44115e-07
-2.0677e-07
-2.59208e-07
-3.08578e-07
-5.66619e-08
-3.97109e-08
-3.89424e-08
-6.19243e-08
-8.09429e-08
-1.17359e-07
-1.43649e-07
-1.77407e-07
-2.24461e-07
-5.13447e-08
-4.64205e-08
-4.60329e-08
-9.43328e-08
2.13957e-09
-1.34262e-07
-1.30722e-07
-1.64143e-07
-2.04988e-07
3.53141e-08
-3.32319e-08
-5.10225e-08
-3.75278e-08
-1.29006e-07
-1.30103e-07
-1.56963e-07
-1.73429e-07
-1.77982e-07
Process [26]
2.83913e-07
7.02979e-07
1.11139e-06
1.59447e-06
1.97338e-06
2.13207e-06
1.9753e-06
1.48149e-06
7.14461e-07
1.38937e-07
5.20599e-07
9.72954e-07
1.53702e-06
2.06468e-06
2.40842e-06
2.42029e-06
2.01395e-06
1.39102e-06
1.9864e-06
2.39054e-06
2.32924e-06
1.97701e-06
1.20038e-06
1.23459e-07
-9.78483e-07
-1.94799e-06
1.44517e-06
1.97641e-06
2.23963e-06
2.35842e-06
2.14757e-06
1.57237e-06
6.76271e-07
-3.58171e-07
-1.36836e-06
1.15239e-06
1.76553e-06
2.07883e-06
2.30393e-06
2.23949e-06
1.84039e-06
1.11056e-06
1.94199e-07
-7.74712e-07
9.72187e-07
1.57294e-06
1.91339e-06
2.22463e-06
2.28792e-06
2.04639e-06
1.47931e-06
6.85815e-07
-2.40587e-07
7.45888e-07
1.3147e-06
1.6868e-06
2.06323e-06
2.22884e-06
2.11079e-06
1.67474e-06
9.92079e-07
1.30797e-07
5.47847e-07
1.07546e-06
1.49385e-06
1.94097e-06
2.21907e-06
2.23906e-06
1.95363e-06
1.41524e-06
7.02542e-07
-1.78564e-07
6.23846e-08
4.38934e-07
9.03647e-07
1.36085e-06
1.67026e-06
1.68122e-06
1.28936e-06
7.37805e-07
-2.25787e-07
-6.53556e-08
3.15286e-07
8.23709e-07
1.38801e-06
1.86726e-06
2.07966e-06
1.8605e-06
1.44268e-06
Process [27]
-1.4951e-06
-1.02409e-06
2.56608e-07
2.54439e-06
7.02589e-06
1.37856e-05
1.32516e-05
1.12586e-05
3.36445e-06
3.26777e-06
2.86923e-06
2.8917e-06
2.37101e-06
2.88455e-06
-1.2139e-07
-2.96805e-05
1.25383e-06
1.32569e-06
1.60016e-06
1.94536e-06
1.97672e-06
-4.41561e-07
-2.17264e-05
-1.3547e-05
1.04173e-06
1.08673e-06
1.33316e-06
1.83351e-06
2.28908e-06
8.37083e-07
-2.02273e-05
-1.47902e-05
7.96646e-07
8.1025e-07
1.08844e-06
1.76902e-06
2.63394e-06
2.32706e-06
-1.85525e-05
-1.61628e-05
4.82892e-07
4.69856e-07
7.9109e-07
1.67115e-06
2.9625e-06
3.85558e-06
-1.66084e-05
-1.75561e-05
3.15861e-07
2.6162e-07
6.10378e-07
1.62647e-06
3.27326e-06
5.38628e-06
-1.44897e-05
-1.87244e-05
-3.38592e-07
-4.48794e-07
-2.3488e-08
1.23982e-06
3.3643e-06
6.8388e-06
-1.18196e-05
-1.95573e-05
1.38388e-08
1.77162e-08
4.83438e-07
1.80269e-06
3.92292e-06
8.29026e-06
-9.95448e-06
-2.08341e-05
-1.71747e-06
-1.71991e-06
-1.0259e-06
7.23141e-07
3.578e-06
9.60342e-06
-4.40452e-06
-1.72993e-05
9.34855e-09
-1.12544e-07
6.13499e-08
9.55949e-07
2.17108e-06
8.83677e-06
-1.08794e-05
-3.27118e-05
