Vec Object: 1 MPI process
  type: mpi
Process [0]
4.16612e-24
5.07794e-23
1.82121e-22
5.344e-22
1.41893e-21
3.53272e-21
8.38832e-21
1.91919e-20
4.2655e-20
9.28701e-20
2.00113e-19
4.32046e-19
9.45083e-19
2.0883e-18
4.61435e-18
-4.26824e-23
-3.69517e-23
-1.98225e-23
6.33456e-23
3.50321e-22
1.16968e-21
3.24704e-21
8.03295e-21
1.80316e-20
3.63931e-20
6.29071e-20
7.68971e-20
-2.04901e-20
-5.58546e-19
-2.4085e-18
-6.79388e-23
-9.03613e-23
-1.56138e-22
-2.85214e-22
-5.08608e-22
-8.69848e-22
-1.42934e-21
-2.32796e-21
-4.11464e-21
-8.97701e-21
-2.44089e-20
-7.14354e-20
-1.93462e-19
-4.24312e-19
-5.89312e-19
-7.07794e-23
-1.04361e-22
-2.03284e-22
-4.25847e-22
-8.93663e-22
-1.85567e-21
-3.80466e-21
-7.69823e-21
-1.53519e-20
-3.0056e-20
-5.72259e-20
-1.03828e-19
-1.72116e-19
-2.3884e-19
-2.38398e-19
-5.72055e-23
-8.72171e-23
-1.75047e-22
-3.7726e-22
-8.12769e-22
-1.72537e-21
-3.59167e-21
-7.30151e-21
-1.44099e-20
-2.73442e-20
-4.90953e-20
-8.11394e-20
-1.17696e-19
-1.39063e-19
-1.36035e-19
-3.98255e-23
-6.16098e-23
-1.2486e-22
-2.71374e-22
-5.88232e-22
-1.25146e-21
-2.59726e-21
-5.23037e-21
-1.01497e-20
-1.87841e-20
-3.26218e-20
-5.17776e-20
-7.19507e-20
-8.27726e-20
-8.52872e-20
-2.49332e-23
-3.88692e-23
-7.90384e-23
-1.72311e-22
-3.74133e-22
-7.95027e-22
-1.64159e-21
-3.27368e-21
-6.25874e-21
-1.13567e-20
-1.92778e-20
-2.99592e-20
-4.12782e-20
-4.86474e-20
-5.3054e-20
-1.4379e-23
-2.25216e-23
-4.58425e-23
-1.00101e-22
-2.176e-22
-4.62084e-22
-9.50846e-22
-1.88328e-21
-3.56278e-21
-6.37592e-21
-1.06614e-20
-1.63953e-20
-2.27281e-20
-2.78416e-20
-3.19817e-20
-7.76006e-24
-1.21947e-23
-2.48243e-23
-5.42789e-23
-1.18192e-22
-2.5117e-22
-5.16305e-22
-1.01924e-21
-1.91707e-21
-3.40384e-21
-5.64596e-21
-8.65682e-21
-1.21559e-20
-1.54964e-20
-1.86557e-20
-3.95897e-24
-6.23962e-24
-1.26999e-23
-2.78126e-23
-6.07172e-23
-1.29325e-22
-2.66195e-22
-5.25507e-22
-9.87044e-22
-1.74836e-21
-2.89495e-21
-4.45304e-21
-6.35691e-21
-8.41027e-21
-1.05654e-20
-1.91622e-24
-3.03117e-24
-6.17086e-24
-1.35453e-23
-2.96833e-23
-6.34815e-23
-1.3115e-22
-2.59716e-22
-4.89075e-22
-8.68485e-22
-1.44362e-21
-2.23961e-21
-3.25841e-21
-4.46012e-21
-5.82635e-21
-8.72494e-25
-1.38861e-24
-2.83041e-24
-6.23681e-24
-1.3749e-23
-2.95995e-23
-6.15597e-23
-1.22705e-22
-2.32591e-22
-4.15995e-22
-6.97725e-22
-1.09694e-21
-1.63044e-21
-2.30477e-21
-3.12469e-21
-3.59413e-25
-5.78229e-25
-1.1817e-24
-2.62108e-24
-5.83588e-24
-1.27052e-23
-2.67292e-23
-5.38977e-23
-1.03372e-22
-1.87203e-22
-3.18505e-22
-5.09898e-22
-7.76861e-22
-1.1355e-21
-1.60182e-21
-1.1582e-25
-1.88175e-25
-3.85351e-25
-8.64183e-25
-1.9586e-24
-4.35187e-24
-9.35112e-24
-1.92598e-23
-3.77233e-23
-6.97616e-23
-1.21284e-22
-1.98938e-22
-3.12604e-22
-4.76856e-22
-7.14783e-22
-2.00419e-26
-3.33283e-26
-6.77801e-26
-1.53567e-25
-3.56478e-25
-8.15888e-25
-1.80946e-24
-3.84806e-24
-7.77774e-24
-1.48213e-23
-2.65032e-23
-4.47025e-23
-7.26757e-23
-1.16665e-22
-1.91684e-22
