Mat Object: (p_) 2 MPI processes
  type: mpiaij
row 0: (0, 2.)  (3, -0.454008)  (115, -1.09198)  (240, -0.454008) 
row 1: (1, 2.)  (117, -1.09198)  (119, -0.454009)  (121, -0.454008) 
row 2: (2, 2.)  (3, -0.454008)  (4, -0.454008)  (118, -1.09198) 
row 3: (0, -0.454008)  (2, -0.454008)  (3, 2.)  (119, -1.09198) 
row 4: (2, -0.454008)  (4, 2.)  (115, -0.454008)  (120, -1.09198) 
row 5: (5, 2.)  (13, -0.454008)  (32, -0.454008)  (121, -1.09198) 
row 6: (6, 2.)  (117, -0.454008)  (122, -1.09198)  (129, -0.454009) 
row 7: (7, 2.)  (115, -0.454008)  (123, -1.09198)  (346, -0.454008) 
row 8: (8, 2.)  (23, -0.454008)  (32, -0.454008)  (124, -1.09198) 
row 9: (9, 2.)  (120, -0.454008)  (124, -0.454008)  (125, -1.09198) 
row 10: (10, 2.)  (12, -0.454008)  (126, -1.09198)  (131, -0.454008) 
row 11: (11, 2.)  (22, -0.454008)  (127, -1.09198)  (131, -0.454008) 
row 12: (10, -0.454008)  (12, 2.)  (125, -0.454008)  (128, -1.09198) 
row 13: (5, -0.454008)  (13, 2.)  (129, -1.09198)  (130, -0.454009) 
row 14: (14, 2.)  (130, -1.09198)  (144, -0.454008)  (148, -0.454008) 
row 15: (15, 2.)  (131, -1.09198)  (141, -0.454008)  (142, -0.454008) 
row 16: (16, 2.)  (132, -1.09198)  (152, -0.454008)  (255, -0.454008) 
row 17: (17, 2.)  (133, -1.09198)  (134, -0.454008)  (149, -0.454008) 
row 18: (18, 2.)  (30, -0.454008)  (134, -1.09198)  (135, -0.454008) 
row 19: (19, 2.)  (31, -0.454008)  (135, -1.09198)  (136, -0.454008) 
row 20: (20, 2.)  (29, -0.454008)  (130, -0.454009)  (136, -1.09198) 
row 21: (21, 2.)  (31, -0.454008)  (137, -1.09198)  (172, -0.454008) 
row 22: (11, -0.454008)  (22, 2.)  (138, -1.09198)  (261, -0.454008) 
row 23: (8, -0.454008)  (23, 2.)  (139, -1.09198)  (154, -0.454008) 
row 24: (24, 2.)  (28, -0.454008)  (140, -1.09198)  (148, -0.454008) 
row 25: (25, 2.)  (141, -1.09198)  (143, -0.454008)  (159, -0.454008) 
row 26: (26, 2.)  (51, -0.454008)  (142, -1.09198)  (143, -0.454008) 
row 27: (27, 2.)  (42, -0.454008)  (143, -1.09198)  (162, -0.454008) 
row 28: (24, -0.454008)  (28, 2.)  (144, -1.09198)  (170, -0.454008) 
row 29: (20, -0.454008)  (29, 2.)  (144, -0.454008)  (145, -1.09198) 
row 30: (18, -0.454008)  (30, 2.)  (146, -1.09198)  (147, -0.454008) 
row 31: (19, -0.454008)  (21, -0.454008)  (31, 2.)  (147, -1.09198) 
row 32: (5, -0.454008)  (8, -0.454008)  (32, 2.)  (148, -1.09198) 
row 33: (33, 2.)  (37, -0.454008)  (146, -0.454008)  (149, -1.09198) 
row 34: (34, 2.)  (138, -0.454008)  (150, -1.09198)  (389, -0.454008) 
row 35: (35, 2.)  (50, -0.454008)  (145, -0.454008)  (151, -1.09198) 
row 36: (36, 2.)  (58, -0.454008)  (78, -0.454008)  (152, -1.09198) 
row 37: (33, -0.454008)  (37, 2.)  (152, -0.454008)  (153, -1.09198) 
row 38: (38, 2.)  (39, -0.454008)  (40, -0.454008)  (154, -1.09198) 
row 39: (38, -0.454008)  (39, 2.)  (52, -0.454008)  (155, -1.09198) 
row 40: (38, -0.454008)  (40, 2.)  (41, -0.454008)  (156, -1.09198) 
row 41: (40, -0.454008)  (41, 2.)  (155, -0.454008)  (157, -1.09198) 
row 42: (27, -0.454008)  (42, 2.)  (158, -1.09198)  (161, -0.454008) 
row 43: (43, 2.)  (44, -0.454008)  (159, -1.09198)  (162, -0.454008) 
row 44: (43, -0.454008)  (44, 2.)  (157, -0.454008)  (160, -1.09198) 
row 45: (45, 2.)  (46, -0.454008)  (161, -1.09198)  (193, -0.454008) 
row 46: (45, -0.454008)  (46, 2.)  (47, -0.454008)  (162, -1.09198) 
row 47: (46, -0.454008)  (47, 2.)  (160, -0.454008)  (163, -1.09198) 
row 48: (48, 2.)  (145, -0.454008)  (164, -1.09198)  (166, -0.454009) 
row 49: (49, 2.)  (56, -0.454008)  (164, -0.454008)  (165, -1.09198) 
row 50: (35, -0.454008)  (50, 2.)  (74, -0.454008)  (166, -1.09198) 
row 51: (26, -0.454008)  (51, 2.)  (158, -0.454008)  (167, -1.09198) 
row 52: (39, -0.454008)  (52, 2.)  (139, -0.454008)  (168, -1.09198) 
row 53: (53, 2.)  (140, -0.454008)  (168, -0.454008)  (169, -1.09198) 
row 54: (54, 2.)  (169, -0.454008)  (170, -1.09198)  (180, -0.454008) 
row 55: (55, 2.)  (147, -0.454008)  (171, -1.09198)  (172, -0.454008) 
row 56: (49, -0.454008)  (56, 2.)  (172, -1.09198)  (218, -0.454008) 
row 57: (57, 2.)  (78, -0.454008)  (173, -1.09198)  (446, -0.454008) 
row 58: (36, -0.454008)  (58, 2.)  (173, -0.454008)  (174, -1.09198) 
row 59: (59, 2.)  (111, -0.454008)  (171, -0.454008)  (175, -1.09198) 
row 60: (60, 2.)  (111, -0.454008)  (176, -1.09198)  (195, -0.454008) 
row 61: (61, 2.)  (103, -0.454008)  (104, -0.454008)  (177, -1.09198) 
row 62: (62, 2.)  (73, -0.454008)  (166, -0.454009)  (178, -1.09198) 
row 63: (63, 2.)  (177, -0.454008)  (179, -1.09198)  (207, -0.454008) 
row 64: (64, 2.)  (85, -0.454008)  (105, -0.454008)  (180, -1.09198) 
row 65: (65, 2.)  (167, -0.454008)  (181, -1.09198)  (295, -0.454008) 
row 66: (66, 2.)  (182, -1.09198)  (199, -0.454008)  (227, -0.454008) 
row 67: (67, 2.)  (70, -0.454008)  (158, -0.454008)  (183, -1.09198) 
row 68: (68, 2.)  (75, -0.454008)  (157, -0.454008)  (184, -1.09198) 
row 69: (69, 2.)  (184, -0.454008)  (185, -1.09198)  (223, -0.454008) 
row 70: (67, -0.454008)  (70, 2.)  (186, -1.09198)  (203, -0.454008) 
row 71: (71, 2.)  (109, -0.454008)  (185, -0.454008)  (187, -1.09198) 
row 72: (72, 2.)  (77, -0.454008)  (187, -0.454008)  (188, -1.09198) 
row 73: (62, -0.454008)  (73, 2.)  (189, -1.09198)  (190, -0.454008) 
row 74: (50, -0.454008)  (74, 2.)  (190, -1.09198)  (220, -0.454008) 
row 75: (68, -0.454008)  (75, 2.)  (191, -1.09198)  (215, -0.454008) 
row 76: (76, 2.)  (186, -0.454008)  (192, -1.09198)  (229, -0.454008) 
row 77: (72, -0.454008)  (77, 2.)  (192, -0.454008)  (193, -1.09198) 
row 78: (36, -0.454008)  (57, -0.454008)  (78, 2.)  (305, -1.09198) 
row 79: (79, 2.94767)  (194, -1.25232)  (195, -0.520672) 
row 80: (80, 2.94767)  (81, -0.520672)  (195, -1.25232) 
row 81: (80, -0.520672)  (81, 2.227)  (196, -1.25232)  (226, -0.454008) 
row 82: (82, 2.227)  (174, -0.454008)  (197, -1.25232)  (217, -0.520672) 
row 83: (83, 2.227)  (173, -0.454008)  (197, -0.520672)  (198, -1.25232) 
row 84: (84, 1.40298)  (199, -0.990972)  (215, -0.412011) 
row 85: (64, -0.454008)  (85, 1.89899)  (99, -0.454008)  (200, -0.990972) 
row 86: (86, 1.89899)  (96, -0.454008)  (201, -0.990972)  (229, -0.454008) 
row 87: (87, 1.85699)  (105, -0.454008)  (200, -0.412011)  (202, -0.990972) 
row 88: (88, 1.36099)  (114, -0.370013)  (203, -0.990972) 
row 89: (89, 1.89899)  (183, -0.454008)  (203, -0.454008)  (204, -0.990972) 
row 90: (90, 1.36099)  (204, -0.370013)  (205, -0.990972) 
row 91: (91, 1.89899)  (93, -0.454008)  (206, -0.990972)  (228, -0.454008) 
row 92: (92, 2.94767)  (104, -0.520672)  (207, -1.25232) 
row 93: (91, -0.454008)  (93, 2.)  (189, -0.454008)  (208, -1.09198) 
row 94: (94, 2.94767)  (207, -0.520672)  (209, -1.25232) 
row 95: (95, 1.85699)  (100, -0.412011)  (184, -0.454008)  (210, -0.990972) 
row 96: (86, -0.454008)  (96, 2.)  (97, -0.454008)  (211, -1.09198) 
row 97: (96, -0.454008)  (97, 1.85699)  (110, -0.412011)  (212, -0.990972) 
row 98: (98, 1.74552)  (201, -0.412011)  (212, -0.412011)  (213, -0.9215) 
row 99: (85, -0.454008)  (99, 1.89899)  (112, -0.454008)  (214, -0.990972) 
row 100: (95, -0.412011)  (100, 1.40298)  (215, -0.990972) 
row 101: (101, 2.)  (102, -0.454008)  (174, -0.454008)  (216, -1.09198) 
row 102: (101, -0.454008)  (102, 2.227)  (196, -0.520672)  (217, -1.25232) 
row 103: (61, -0.454008)  (103, 2.)  (194, -0.454008)  (218, -1.09198) 
row 104: (61, -0.454008)  (92, -0.520672)  (104, 2.227)  (219, -1.25232) 
row 105: (64, -0.454008)  (87, -0.454008)  (105, 2.)  (220, -1.09198) 
row 106: (106, 1.85699)  (190, -0.454008)  (202, -0.412011)  (221, -0.990972) 
row 107: (107, 1.85699)  (189, -0.454008)  (206, -0.412011)  (222, -0.990972) 
row 108: (108, 1.36099)  (210, -0.370013)  (223, -0.990972) 
row 109: (71, -0.454008)  (109, 1.89899)  (224, -0.990972)  (225, -0.454008) 
row 110: (97, -0.412011)  (110, 1.40298)  (225, -0.990972) 
row 111: (59, -0.454008)  (60, -0.454008)  (111, 2.)  (226, -1.09198) 
row 112: (99, -0.454008)  (112, 2.)  (180, -0.454008)  (227, -1.09198) 
row 113: (113, 2.)  (228, -1.09198) 
row 114: (88, -0.370013)  (114, 1.36099)  (229, -0.990972) 
row 115: (0, -1.09198)  (4, -0.454008)  (7, -0.454008)  (115, 2.) 
row 116: (116, 2.)  (122, -0.454008)  (133, -0.454008)  (344, -1.09198) 
row 117: (1, -1.09198)  (6, -0.454008)  (117, 2.)  (232, -0.454008) 
row 118: (2, -1.09198)  (118, 2.)  (121, -0.454008)  (124, -0.454008) 
row 119: (1, -0.454009)  (3, -1.09198)  (119, 2.)  (247, -0.454009) 
row 120: (4, -1.09198)  (9, -0.454008)  (120, 2.)  (126, -0.454008) 
row 121: (1, -0.454008)  (5, -1.09198)  (118, -0.454008)  (121, 2.) 
row 122: (6, -1.09198)  (116, -0.454008)  (122, 2.)  (134, -0.454008) 
row 123: (7, -1.09198)  (123, 2.)  (126, -0.454008)  (127, -0.454008) 
row 124: (8, -1.09198)  (9, -0.454008)  (118, -0.454008)  (124, 2.) 
row 125: (9, -1.09198)  (12, -0.454008)  (125, 2.)  (154, -0.454008) 
row 126: (10, -1.09198)  (120, -0.454008)  (123, -0.454008)  (126, 2.) 
row 127: (11, -1.09198)  (123, -0.454008)  (127, 2.)  (254, -0.454008) 
row 128: (12, -1.09198)  (128, 2.)  (141, -0.454008)  (156, -0.454008) 
row 129: (6, -0.454009)  (13, -1.09198)  (129, 2.)  (135, -0.454007) 
row 130: (13, -0.454009)  (14, -1.09198)  (20, -0.454009)  (130, 2.) 
row 131: (10, -0.454008)  (11, -0.454008)  (15, -1.09198)  (131, 2.) 
row 132: (16, -1.09198)  (132, 2.)  (149, -0.454008)  (362, -0.454008) 
row 133: (17, -1.09198)  (116, -0.454008)  (133, 2.)  (251, -0.454008) 
row 134: (17, -0.454008)  (18, -1.09198)  (122, -0.454008)  (134, 2.) 
row 135: (18, -0.454008)  (19, -1.09198)  (129, -0.454007)  (135, 2.) 
row 136: (19, -0.454008)  (20, -1.09198)  (136, 2.)  (137, -0.454008) 
row 137: (21, -1.09198)  (136, -0.454008)  (137, 2.)  (164, -0.454009) 
row 138: (22, -1.09198)  (34, -0.454008)  (138, 2.)  (142, -0.454008) 
row 139: (23, -1.09198)  (52, -0.454008)  (139, 2.)  (140, -0.454008) 
row 140: (24, -1.09198)  (53, -0.454008)  (139, -0.454008)  (140, 2.) 
row 141: (15, -0.454008)  (25, -1.09198)  (128, -0.454008)  (141, 2.) 
row 142: (15, -0.454008)  (26, -1.09198)  (138, -0.454008)  (142, 2.) 
row 143: (25, -0.454008)  (26, -0.454008)  (27, -1.09198)  (143, 2.) 
row 144: (14, -0.454008)  (28, -1.09198)  (29, -0.454008)  (144, 2.) 
row 145: (29, -1.09198)  (35, -0.454008)  (48, -0.454008)  (145, 2.) 
row 146: (30, -1.09198)  (33, -0.454008)  (146, 2.)  (175, -0.454008) 
row 147: (30, -0.454008)  (31, -1.09198)  (55, -0.454008)  (147, 2.) 
row 148: (14, -0.454008)  (24, -0.454008)  (32, -1.09198)  (148, 2.) 
row 149: (17, -0.454008)  (33, -1.09198)  (132, -0.454008)  (149, 2.) 
row 150: (34, -1.09198)  (150, 2.)  (167, -0.454008)  (406, -0.454008) 
row 151: (35, -1.09198)  (151, 2.)  (170, -0.454008)  (220, -0.454008) 
row 152: (16, -0.454008)  (36, -1.09198)  (37, -0.454008)  (152, 2.) 
row 153: (37, -1.09198)  (153, 2.)  (175, -0.454008)  (216, -0.454008) 
row 154: (23, -0.454008)  (38, -1.09198)  (125, -0.454008)  (154, 2.) 
row 155: (39, -1.09198)  (41, -0.454008)  (155, 2.)  (191, -0.454008) 
row 156: (40, -1.09198)  (128, -0.454008)  (156, 2.)  (159, -0.454008) 
row 157: (41, -1.09198)  (44, -0.454008)  (68, -0.454008)  (157, 2.) 
row 158: (42, -1.09198)  (51, -0.454008)  (67, -0.454008)  (158, 2.) 
row 159: (25, -0.454008)  (43, -1.09198)  (156, -0.454008)  (159, 2.) 
row 160: (44, -1.09198)  (47, -0.454008)  (160, 2.)  (185, -0.454008) 
row 161: (42, -0.454008)  (45, -1.09198)  (161, 2.)  (186, -0.454008) 
row 162: (27, -0.454008)  (43, -0.454008)  (46, -1.09198)  (162, 2.) 
row 163: (47, -1.09198)  (163, 2.)  (187, -0.454008)  (193, -0.454008) 
row 164: (48, -1.09198)  (49, -0.454008)  (137, -0.454009)  (164, 2.) 
row 165: (49, -1.09198)  (165, 2.)  (177, -0.454008)  (178, -0.454008) 
row 166: (48, -0.454009)  (50, -1.09198)  (62, -0.454009)  (166, 2.) 
row 167: (51, -1.09198)  (65, -0.454008)  (150, -0.454008)  (167, 2.) 
row 168: (52, -1.09198)  (53, -0.454008)  (168, 2.)  (182, -0.454008) 
row 169: (53, -1.09198)  (54, -0.454008)  (169, 2.)  (227, -0.454008) 
row 170: (28, -0.454008)  (54, -1.09198)  (151, -0.454008)  (170, 2.) 
row 171: (55, -1.09198)  (59, -0.454008)  (171, 2.)  (176, -0.454008) 
row 172: (21, -0.454008)  (55, -0.454008)  (56, -1.09198)  (172, 2.) 
row 173: (57, -1.09198)  (58, -0.454008)  (83, -0.454008)  (173, 2.) 
row 174: (58, -1.09198)  (82, -0.454008)  (101, -0.454008)  (174, 2.) 
row 175: (59, -1.09198)  (146, -0.454008)  (153, -0.454008)  (175, 2.) 
row 176: (60, -1.09198)  (171, -0.454008)  (176, 2.)  (218, -0.454008) 
row 177: (61, -1.09198)  (63, -0.454008)  (165, -0.454008)  (177, 2.) 
row 178: (62, -1.09198)  (165, -0.454008)  (178, 2.)  (179, -0.454008) 
row 179: (63, -1.09198)  (178, -0.454008)  (179, 2.)  (208, -0.454009) 
row 180: (54, -0.454008)  (64, -1.09198)  (112, -0.454008)  (180, 2.) 
row 181: (65, -1.09198)  (181, 2.)  (183, -0.454008)  (205, -0.454008) 
row 182: (66, -1.09198)  (168, -0.454008)  (182, 2.)  (191, -0.454008) 
row 183: (67, -1.09198)  (89, -0.454008)  (181, -0.454008)  (183, 2.) 
row 184: (68, -1.09198)  (69, -0.454008)  (95, -0.454008)  (184, 2.) 
row 185: (69, -1.09198)  (71, -0.454008)  (160, -0.454008)  (185, 2.) 
row 186: (70, -1.09198)  (76, -0.454008)  (161, -0.454008)  (186, 2.) 
row 187: (71, -1.09198)  (72, -0.454008)  (163, -0.454008)  (187, 2.) 
row 188: (72, -1.09198)  (188, 2.)  (211, -0.454008)  (225, -0.454008) 
row 189: (73, -1.09198)  (93, -0.454008)  (107, -0.454008)  (189, 2.) 
row 190: (73, -0.454008)  (74, -1.09198)  (106, -0.454008)  (190, 2.) 
row 191: (75, -1.09198)  (155, -0.454008)  (182, -0.454008)  (191, 2.) 
row 192: (76, -1.09198)  (77, -0.454008)  (192, 2.)  (211, -0.454008) 
row 193: (45, -0.454008)  (77, -1.09198)  (163, -0.454008)  (193, 2.) 
row 194: (79, -1.25232)  (103, -0.454008)  (194, 2.227)  (219, -0.520672) 
row 195: (60, -0.454008)  (79, -0.520672)  (80, -1.25232)  (195, 2.227) 
row 196: (81, -1.25232)  (102, -0.520672)  (196, 2.94767) 
row 197: (82, -1.25232)  (83, -0.520672)  (197, 2.94767) 
row 198: (83, -1.25232)  (198, 3.01433)  (420, -0.587335) 
row 199: (66, -0.454008)  (84, -0.990972)  (199, 1.85699)  (214, -0.412011) 
row 200: (85, -0.990972)  (87, -0.412011)  (200, 1.40298) 
row 201: (86, -0.990972)  (98, -0.412011)  (201, 1.40298) 
row 202: (87, -0.990972)  (106, -0.412011)  (202, 1.40298) 
row 203: (70, -0.454008)  (88, -0.990972)  (89, -0.454008)  (203, 1.89899) 
row 204: (89, -0.990972)  (90, -0.370013)  (204, 1.36099) 
row 205: (90, -0.990972)  (181, -0.454008)  (205, 1.89899)  (425, -0.454008) 
row 206: (91, -0.990972)  (107, -0.412011)  (206, 1.40298) 
row 207: (63, -0.454008)  (92, -1.25232)  (94, -0.520672)  (207, 2.227) 
row 208: (93, -1.09198)  (179, -0.454009)  (208, 2.)  (209, -0.454008) 
row 209: (94, -1.25232)  (208, -0.454008)  (209, 2.16034)  (228, -0.454009) 
row 210: (95, -0.990972)  (108, -0.370013)  (210, 1.36099) 
row 211: (96, -1.09198)  (188, -0.454008)  (192, -0.454008)  (211, 2.) 
row 212: (97, -0.990972)  (98, -0.412011)  (212, 1.40298) 
row 213: (98, -0.9215)  (213, 0.9215) 
row 214: (99, -0.990972)  (199, -0.412011)  (214, 1.40298) 
row 215: (75, -0.454008)  (84, -0.412011)  (100, -0.990972)  (215, 1.85699) 
row 216: (101, -1.09198)  (153, -0.454008)  (216, 2.)  (226, -0.454008) 
row 217: (82, -0.520672)  (102, -1.25232)  (217, 2.94767) 
row 218: (56, -0.454008)  (103, -1.09198)  (176, -0.454008)  (218, 2.) 
row 219: (104, -1.25232)  (194, -0.520672)  (219, 2.94767) 
row 220: (74, -0.454008)  (105, -1.09198)  (151, -0.454008)  (220, 2.) 
row 221: (106, -0.990972)  (221, 1.36099)  (222, -0.370013) 
row 222: (107, -0.990972)  (221, -0.370013)  (222, 1.36099) 
row 223: (69, -0.454008)  (108, -0.990972)  (223, 1.85699)  (224, -0.412011) 
row 224: (109, -0.990972)  (223, -0.412011)  (224, 1.40298) 
row 225: (109, -0.454008)  (110, -0.990972)  (188, -0.454008)  (225, 1.89899) 
row 226: (81, -0.454008)  (111, -1.09198)  (216, -0.454008)  (226, 2.) 
row 227: (66, -0.454008)  (112, -1.09198)  (169, -0.454008)  (227, 2.) 
row 228: (91, -0.454008)  (113, -1.09198)  (209, -0.454009)  (228, 2.) 
row 229: (76, -0.454008)  (86, -0.454008)  (114, -0.990972)  (229, 1.89899) 
row 230: (230, 2.)  (340, -1.09199)  (343, -0.45401)  (358, -0.454009) 
row 231: (231, 2.)  (340, -0.454009)  (341, -1.09198)  (347, -0.454007) 
row 232: (117, -0.454008)  (232, 2.)  (342, -1.09198)  (358, -0.454007) 
row 233: (233, 2.)  (238, -0.454009)  (342, -0.454008)  (343, -1.09198) 
row 234: (234, 2.)  (249, -0.454009)  (341, -0.454009)  (345, -1.09198) 
row 235: (235, 2.)  (254, -0.454008)  (345, -0.454008)  (346, -1.09198) 
row 236: (236, 2.)  (245, -0.454008)  (347, -1.09198)  (360, -0.454008) 
row 237: (237, 2.)  (348, -1.09198)  (352, -0.454008)  (354, -0.454008) 
row 238: (233, -0.454009)  (238, 2.)  (241, -0.45401)  (349, -1.09198) 
row 239: (239, 2.)  (340, -0.454008)  (347, -0.454008)  (350, -1.09198) 
row 240: (0, -0.454008)  (240, 2.)  (247, -0.454008)  (351, -1.09198) 
row 241: (238, -0.45401)  (241, 2.)  (352, -1.09198)  (363, -0.454007) 
row 242: (242, 2.)  (352, -0.454009)  (353, -1.09198)  (364, -0.45401) 
row 243: (243, 2.)  (258, -0.454008)  (354, -1.09198)  (355, -0.454008) 
row 244: (244, 2.)  (245, -0.454008)  (350, -0.454008)  (355, -1.09198) 
row 245: (236, -0.454008)  (244, -0.454008)  (245, 2.)  (356, -1.09198) 
row 246: (246, 2.)  (262, -0.454008)  (356, -0.454008)  (357, -1.09198) 
row 247: (119, -0.454009)  (240, -0.454008)  (247, 2.)  (358, -1.09198) 
row 248: (248, 2.)  (359, -1.09198)  (361, -0.454008)  (371, -0.454008) 
row 249: (234, -0.454009)  (249, 2.)  (360, -1.09198)  (361, -0.454008) 
row 250: (250, 2.)  (361, -1.09198)  (368, -0.454008)  (388, -0.454008) 
row 251: (133, -0.454008)  (251, 2.)  (349, -0.454008)  (362, -1.09198) 
row 252: (252, 2.)  (253, -0.454008)  (363, -1.09198)  (366, -0.454008) 
row 253: (252, -0.454008)  (253, 2.)  (264, -0.454009)  (364, -1.09198) 
row 254: (127, -0.454008)  (235, -0.454008)  (254, 2.)  (365, -1.09198) 
row 255: (16, -0.454008)  (255, 2.)  (305, -0.454008)  (366, -1.09198) 
row 256: (256, 2.)  (279, -0.454009)  (367, -1.09198)  (388, -0.454009) 
row 257: (257, 2.)  (260, -0.454008)  (368, -1.09198)  (387, -0.454008) 
row 258: (243, -0.454008)  (258, 2.)  (369, -1.09198)  (380, -0.454008) 
row 259: (259, 2.)  (271, -0.454008)  (369, -0.454008)  (370, -1.09198) 
row 260: (257, -0.454008)  (260, 2.)  (371, -1.09198)  (394, -0.454008) 
row 261: (22, -0.454008)  (261, 2.)  (365, -0.454008)  (372, -1.09198) 
row 262: (246, -0.454008)  (262, 2.)  (284, -0.454008)  (373, -1.09198) 
row 263: (263, 2.)  (274, -0.454008)  (374, -1.09198)  (390, -0.454008) 
row 264: (253, -0.454009)  (264, 2.)  (285, -0.45401)  (375, -1.09198) 
row 265: (265, 2.)  (376, -1.09198)  (378, -0.454008)  (396, -0.454008) 
row 266: (266, 2.)  (297, -0.45401)  (377, -1.09198)  (396, -0.454009) 
row 267: (267, 2.)  (268, -0.454008)  (328, -0.454008)  (378, -1.09198) 
row 268: (267, -0.454008)  (268, 2.)  (302, -0.454008)  (379, -1.09198) 
row 269: (269, 2.)  (376, -0.454008)  (379, -0.454008)  (380, -1.09198) 
row 270: (270, 2.)  (369, -0.454008)  (379, -0.454008)  (381, -1.09198) 
row 271: (259, -0.454008)  (271, 2.)  (382, -1.09198)  (383, -0.454008) 
row 272: (272, 2.)  (273, -0.454008)  (383, -1.09198)  (448, -0.454008) 
row 273: (272, -0.454008)  (273, 2.)  (303, -0.454008)  (384, -1.09198) 
row 274: (263, -0.454008)  (274, 2.)  (275, -0.454008)  (385, -1.09198) 
row 275: (274, -0.454008)  (275, 2.)  (386, -1.09198)  (411, -0.454008) 
row 276: (276, 2.)  (283, -0.454008)  (292, -0.454008)  (387, -1.09198) 
row 277: (277, 2.)  (357, -0.454009)  (374, -0.454007)  (388, -1.09198) 
row 278: (278, 2.)  (294, -0.454008)  (389, -1.09198)  (394, -0.454008) 
row 279: (256, -0.454009)  (279, 2.)  (390, -1.09198)  (391, -0.454008) 
row 280: (280, 2.)  (290, -0.454008)  (332, -0.454008)  (391, -1.09198) 
row 281: (281, 2.)  (375, -0.454008)  (392, -1.09198)  (393, -0.454008) 
row 282: (282, 2.)  (286, -0.454008)  (393, -1.09198)  (408, -0.454008) 
row 283: (276, -0.454008)  (283, 2.)  (394, -1.09198)  (404, -0.454008) 
row 284: (262, -0.454008)  (284, 2.)  (383, -0.454008)  (395, -1.09198) 
row 285: (264, -0.45401)  (285, 2.)  (393, -0.454007)  (396, -1.09198) 
row 286: (282, -0.454008)  (286, 2.)  (336, -0.454008)  (397, -1.09198) 
row 287: (287, 2.)  (398, -1.09198)  (411, -0.454008)  (424, -0.454008) 
row 288: (288, 2.)  (304, -0.454008)  (399, -1.09198)  (421, -0.454008) 
row 289: (289, 2.)  (321, -0.454009)  (332, -0.454009)  (400, -1.09198) 
row 290: (280, -0.454008)  (290, 2.)  (400, -0.454008)  (401, -1.09198) 
row 291: (291, 2.)  (292, -0.454008)  (317, -0.454008)  (402, -1.09198) 
row 292: (276, -0.454008)  (291, -0.454008)  (292, 2.)  (403, -1.09198) 
row 293: (293, 2.)  (329, -0.454008)  (403, -0.454008)  (404, -1.09198) 
row 294: (278, -0.454008)  (294, 2.)  (405, -1.09198)  (406, -0.454008) 
row 295: (65, -0.454008)  (295, 2.)  (406, -1.09198)  (425, -0.454008) 
row 296: (296, 2.)  (377, -0.454008)  (407, -1.09198)  (437, -0.454008) 
row 297: (266, -0.45401)  (297, 2.)  (408, -1.09198)  (437, -0.454008) 
row 298: (298, 2.)  (299, -0.454009)  (408, -0.454009)  (409, -1.09198) 
row 299: (298, -0.454009)  (299, 2.)  (334, -0.454008)  (410, -1.09198) 
row 300: (300, 2.)  (411, -1.09198)  (412, -0.454008)  (447, -0.454008) 
row 301: (301, 2.)  (412, -1.09198)  (431, -0.454008)  (433, -0.454008) 
row 302: (268, -0.454008)  (302, 2.)  (413, -1.09198)  (415, -0.454008) 
row 303: (273, -0.454008)  (303, 2.)  (398, -0.454008)  (414, -1.09198) 
row 304: (288, -0.454008)  (304, 2.)  (415, -1.09198)  (445, -0.454008) 
row 305: (78, -1.09198)  (255, -0.454008)  (305, 2.)  (392, -0.454008) 
row 306: (306, 3.01433)  (307, -0.587335)  (416, -1.25232) 
row 307: (306, -0.587335)  (307, 3.01433)  (417, -1.25232) 
row 308: (308, 2.16034)  (418, -1.25232)  (419, -0.454008)  (438, -0.454008) 
row 309: (309, 2.94767)  (419, -1.25232)  (445, -0.520672) 
row 310: (310, 2.16034)  (316, -0.454008)  (420, -1.25232)  (446, -0.454008) 
row 311: (311, 3.01433)  (335, -0.587335)  (421, -1.25232) 
row 312: (312, 3.01433)  (313, -0.587335)  (422, -1.25232) 
row 313: (312, -0.587335)  (313, 3.01433)  (423, -1.25232) 
row 314: (314, 3.01433)  (337, -0.587335)  (424, -1.25232) 
row 315: (315, 1.40298)  (330, -0.412011)  (425, -0.990972) 
row 316: (310, -0.454008)  (316, 2.16034)  (397, -0.454008)  (426, -1.25232) 
row 317: (291, -0.454008)  (317, 2.)  (391, -0.454008)  (427, -1.09198) 
row 318: (318, 1.36099)  (428, -0.990972)  (443, -0.370013) 
row 319: (319, 2.227)  (409, -0.454008)  (426, -0.520672)  (429, -1.25232) 
row 320: (320, 1.89899)  (400, -0.454008)  (430, -0.990972)  (432, -0.454008) 
row 321: (289, -0.454009)  (321, 2.)  (431, -1.09198)  (432, -0.454008) 
row 322: (322, 1.40298)  (432, -0.990972)  (435, -0.412011) 
row 323: (323, 3.01433)  (324, -0.587336)  (433, -1.25232) 
row 324: (323, -0.587336)  (324, 3.01433)  (434, -1.25232) 
row 325: (325, 2.)  (435, -1.09198) 
row 326: (326, 2.22701)  (339, -0.520673)  (410, -0.454009)  (436, -1.25232) 
row 327: (327, 2.)  (410, -0.454008)  (416, -0.454008)  (437, -1.09198) 
row 328: (267, -0.454008)  (328, 2.)  (407, -0.454008)  (438, -1.09198) 
row 329: (293, -0.454008)  (329, 1.85699)  (439, -0.990972)  (440, -0.412011) 
row 330: (315, -0.412011)  (330, 1.85699)  (405, -0.454008)  (440, -0.990972) 
row 331: (331, 1.40298)  (333, -0.412011)  (441, -0.990972) 
row 332: (280, -0.454008)  (289, -0.454009)  (332, 2.)  (442, -1.09198) 
row 333: (331, -0.412011)  (333, 1.85699)  (402, -0.454008)  (443, -0.990972) 
row 334: (299, -0.454008)  (334, 2.227)  (444, -1.25232)  (449, -0.520672) 
row 335: (311, -0.587335)  (335, 3.01433)  (445, -1.25232) 
row 336: (286, -0.454008)  (336, 2.)  (392, -0.454008)  (446, -1.09198) 
row 337: (314, -0.587335)  (337, 3.01433)  (447, -1.25232) 
row 338: (338, 2.)  (414, -0.454008)  (422, -0.454008)  (448, -1.09198) 
row 339: (326, -0.520673)  (339, 3.10801)  (449, -1.41267) 
row 340: (230, -1.09199)  (231, -0.454009)  (239, -0.454008)  (340, 2.) 
row 341: (231, -1.09198)  (234, -0.454009)  (341, 2.)  (351, -0.454008) 
row 342: (232, -1.09198)  (233, -0.454008)  (342, 2.)  (344, -0.454008) 
row 343: (230, -0.45401)  (233, -1.09198)  (343, 2.)  (348, -0.454007) 
row 344: (116, -1.09198)  (342, -0.454008)  (344, 2.)  (349, -0.454008) 
row 345: (234, -1.09198)  (235, -0.454008)  (345, 2.)  (359, -0.454008) 
row 346: (7, -0.454008)  (235, -1.09198)  (346, 2.)  (351, -0.454008) 
row 347: (231, -0.454007)  (236, -1.09198)  (239, -0.454008)  (347, 2.) 
row 348: (237, -1.09198)  (343, -0.454007)  (348, 2.)  (350, -0.454008) 
row 349: (238, -1.09198)  (251, -0.454008)  (344, -0.454008)  (349, 2.) 
row 350: (239, -1.09198)  (244, -0.454008)  (348, -0.454008)  (350, 2.) 
row 351: (240, -1.09198)  (341, -0.454008)  (346, -0.454008)  (351, 2.) 
row 352: (237, -0.454008)  (241, -1.09198)  (242, -0.454009)  (352, 2.) 
row 353: (242, -1.09198)  (353, 2.)  (354, -0.454008)  (380, -0.454008) 
row 354: (237, -0.454008)  (243, -1.09198)  (353, -0.454008)  (354, 2.) 
row 355: (243, -0.454008)  (244, -1.09198)  (355, 2.)  (370, -0.454008) 
row 356: (245, -1.09198)  (246, -0.454008)  (356, 2.)  (395, -0.454008) 
row 357: (246, -1.09198)  (277, -0.454009)  (357, 2.)  (360, -0.454008) 
row 358: (230, -0.454009)  (232, -0.454007)  (247, -1.09198)  (358, 2.) 
row 359: (248, -1.09198)  (345, -0.454008)  (359, 2.)  (365, -0.454008) 
row 360: (236, -0.454008)  (249, -1.09198)  (357, -0.454008)  (360, 2.) 
row 361: (248, -0.454008)  (249, -0.454008)  (250, -1.09198)  (361, 2.) 
row 362: (132, -0.454008)  (251, -1.09198)  (362, 2.)  (363, -0.454008) 
row 363: (241, -0.454007)  (252, -1.09198)  (362, -0.454008)  (363, 2.) 
row 364: (242, -0.45401)  (253, -1.09198)  (364, 2.)  (376, -0.454007) 
row 365: (254, -1.09198)  (261, -0.454008)  (359, -0.454008)  (365, 2.) 
row 366: (252, -0.454008)  (255, -1.09198)  (366, 2.)  (375, -0.454008) 
row 367: (256, -1.09198)  (367, 2.)  (368, -0.454008)  (427, -0.454008) 
row 368: (250, -0.454008)  (257, -1.09198)  (367, -0.454008)  (368, 2.) 
row 369: (258, -1.09198)  (259, -0.454008)  (270, -0.454008)  (369, 2.) 
row 370: (259, -1.09198)  (355, -0.454008)  (370, 2.)  (395, -0.454008) 
row 371: (248, -0.454008)  (260, -1.09198)  (371, 2.)  (372, -0.454008) 
row 372: (261, -1.09198)  (371, -0.454008)  (372, 2.)  (389, -0.454008) 
row 373: (262, -1.09198)  (373, 2.)  (374, -0.454008)  (384, -0.454008) 
row 374: (263, -1.09198)  (277, -0.454007)  (373, -0.454008)  (374, 2.) 
row 375: (264, -1.09198)  (281, -0.454008)  (366, -0.454008)  (375, 2.) 
row 376: (265, -1.09198)  (269, -0.454008)  (364, -0.454007)  (376, 2.) 
row 377: (266, -1.09198)  (296, -0.454008)  (377, 2.)  (378, -0.454008) 
row 378: (265, -0.454008)  (267, -1.09198)  (377, -0.454008)  (378, 2.) 
row 379: (268, -1.09198)  (269, -0.454008)  (270, -0.454008)  (379, 2.) 
row 380: (258, -0.454008)  (269, -1.09198)  (353, -0.454008)  (380, 2.) 
row 381: (270, -1.09198)  (381, 2.)  (382, -0.454008)  (415, -0.454008) 
row 382: (271, -1.09198)  (381, -0.454008)  (382, 2.)  (399, -0.454008) 
row 383: (271, -0.454008)  (272, -1.09198)  (284, -0.454008)  (383, 2.) 
row 384: (273, -1.09198)  (373, -0.454008)  (384, 2.)  (385, -0.454008) 
row 385: (274, -1.09198)  (384, -0.454008)  (385, 2.)  (398, -0.454008) 
row 386: (275, -1.09198)  (386, 2.)  (390, -0.454008)  (442, -0.454009) 
row 387: (257, -0.454008)  (276, -1.09198)  (387, 2.)  (427, -0.454008) 
row 388: (250, -0.454008)  (256, -0.454009)  (277, -1.09198)  (388, 2.) 
row 389: (34, -0.454008)  (278, -1.09198)  (372, -0.454008)  (389, 2.) 
row 390: (263, -0.454008)  (279, -1.09198)  (386, -0.454008)  (390, 2.) 
row 391: (279, -0.454008)  (280, -1.09198)  (317, -0.454008)  (391, 2.) 
row 392: (281, -1.09198)  (305, -0.454008)  (336, -0.454008)  (392, 2.) 
row 393: (281, -0.454008)  (282, -1.09198)  (285, -0.454007)  (393, 2.) 
row 394: (260, -0.454008)  (278, -0.454008)  (283, -1.09198)  (394, 2.) 
row 395: (284, -1.09198)  (356, -0.454008)  (370, -0.454008)  (395, 2.) 
row 396: (265, -0.454008)  (266, -0.454009)  (285, -1.09198)  (396, 2.) 
row 397: (286, -1.09198)  (316, -0.454008)  (397, 2.)  (409, -0.454008) 
row 398: (287, -1.09198)  (303, -0.454008)  (385, -0.454008)  (398, 2.) 
row 399: (288, -1.09198)  (382, -0.454008)  (399, 2.)  (448, -0.454008) 
row 400: (289, -1.09198)  (290, -0.454008)  (320, -0.454008)  (400, 2.) 
row 401: (290, -1.09198)  (401, 2.)  (402, -0.454008)  (441, -0.454008) 
row 402: (291, -1.09198)  (333, -0.454008)  (401, -0.454008)  (402, 2.) 
row 403: (292, -1.09198)  (293, -0.454008)  (403, 2.)  (428, -0.454008) 
row 404: (283, -0.454008)  (293, -1.09198)  (404, 2.)  (405, -0.454008) 
row 405: (294, -1.09198)  (330, -0.454008)  (404, -0.454008)  (405, 2.) 
row 406: (150, -0.454008)  (294, -0.454008)  (295, -1.09198)  (406, 2.) 
row 407: (296, -1.09198)  (328, -0.454008)  (407, 2.)  (417, -0.454008) 
row 408: (282, -0.454008)  (297, -1.09198)  (298, -0.454009)  (408, 2.) 
row 409: (298, -1.09198)  (319, -0.454008)  (397, -0.454008)  (409, 2.) 
row 410: (299, -1.09198)  (326, -0.454009)  (327, -0.454008)  (410, 2.) 
row 411: (275, -0.454008)  (287, -0.454008)  (300, -1.09198)  (411, 2.) 
row 412: (300, -0.454008)  (301, -1.09198)  (412, 2.)  (442, -0.454008) 
row 413: (302, -1.09198)  (413, 2.)  (419, -0.454008)  (438, -0.454008) 
row 414: (303, -1.09198)  (338, -0.454008)  (414, 2.)  (423, -0.454008) 
row 415: (302, -0.454008)  (304, -1.09198)  (381, -0.454008)  (415, 2.) 
row 416: (306, -1.25232)  (327, -0.454008)  (416, 2.227)  (436, -0.520672) 
row 417: (307, -1.25232)  (407, -0.454008)  (417, 2.227)  (418, -0.520672) 
row 418: (308, -1.25232)  (417, -0.520672)  (418, 2.94767) 
row 419: (308, -0.454008)  (309, -1.25232)  (413, -0.454008)  (419, 2.16034) 
row 420: (198, -0.587335)  (310, -1.25232)  (420, 3.01433) 
row 421: (288, -0.454008)  (311, -1.25232)  (421, 2.16034)  (422, -0.454008) 
row 422: (312, -1.25232)  (338, -0.454008)  (421, -0.454008)  (422, 2.16034) 
row 423: (313, -1.25232)  (414, -0.454008)  (423, 2.16034)  (424, -0.454008) 
row 424: (287, -0.454008)  (314, -1.25232)  (423, -0.454008)  (424, 2.16034) 
row 425: (205, -0.454008)  (295, -0.454008)  (315, -0.990972)  (425, 1.89899) 
row 426: (316, -1.25232)  (319, -0.520672)  (426, 2.94767) 
row 427: (317, -1.09198)  (367, -0.454008)  (387, -0.454008)  (427, 2.) 
row 428: (318, -0.990972)  (403, -0.454008)  (428, 1.85699)  (439, -0.412011) 
row 429: (319, -1.25232)  (429, 3.01433)  (444, -0.587335) 
row 430: (320, -0.990972)  (430, 1.40298)  (441, -0.412011) 
row 431: (301, -0.454008)  (321, -1.09198)  (431, 2.)  (434, -0.454008) 
row 432: (320, -0.454008)  (321, -0.454008)  (322, -0.990972)  (432, 1.89899) 
row 433: (301, -0.454008)  (323, -1.25232)  (433, 2.16034)  (447, -0.454008) 
row 434: (324, -1.25232)  (431, -0.454008)  (434, 2.16034)  (435, -0.454009) 
row 435: (322, -0.412011)  (325, -1.09198)  (434, -0.454009)  (435, 1.958) 
row 436: (326, -1.25232)  (416, -0.520672)  (436, 2.94767) 
row 437: (296, -0.454008)  (297, -0.454008)  (327, -1.09198)  (437, 2.) 
row 438: (308, -0.454008)  (328, -1.09198)  (413, -0.454008)  (438, 2.) 
row 439: (329, -0.990972)  (428, -0.412011)  (439, 1.40298) 
row 440: (329, -0.412011)  (330, -0.990972)  (440, 1.40298) 
row 441: (331, -0.990972)  (401, -0.454008)  (430, -0.412011)  (441, 1.85699) 
row 442: (332, -1.09198)  (386, -0.454009)  (412, -0.454008)  (442, 2.) 
row 443: (318, -0.370013)  (333, -0.990972)  (443, 1.36099) 
row 444: (334, -1.25232)  (429, -0.587335)  (444, 3.01433) 
row 445: (304, -0.454008)  (309, -0.520672)  (335, -1.25232)  (445, 2.227) 
row 446: (57, -0.454008)  (310, -0.454008)  (336, -1.09198)  (446, 2.) 
row 447: (300, -0.454008)  (337, -1.25232)  (433, -0.454008)  (447, 2.16034) 
row 448: (272, -0.454008)  (338, -1.09198)  (399, -0.454008)  (448, 2.) 
row 449: (334, -0.520672)  (339, -1.41267)  (449, 3.10801) 
