Vec Object: 2 MPI processes
  type: mpi
Process [0]
6.69536e-21
1.35304e-06
0.000112098
8.14035e-05
9.13633e-05
0.000629368
1.31234e-06
3.60284e-05
0.00277792
0.00086047
0.000976061
0.00203948
0.00117107
8.77789e-05
0.00296485
0.00336304
6.70486e-09
3.93783e-07
4.47923e-06
0.00048145
0.00314629
0.00108563
0.00302278
0.00400644
0.00469852
0.0065286
0.0137978
0.0159125
0.0137127
0.00383145
2.14904e-05
0.00063009
0.000826636
2.29287e-06
0.0156462
0.0162822
1.61625e-08
1.21582e-06
0.00994338
0.0140368
0.0126263
0.0165559
0.0192913
0.0161027
0.0178828
0.0235761
0.0216578
0.0164512
0.0125662
0.0055643
0.0361493
0.0173689
0.0130395
0.0163632
0.0363885
0.000464872
0.00369361
4.68841e-24
2.19603e-08
7.17774e-05
0.000245126
0.00532561
0.0421717
0.0153874
0.0945618
0.0478206
0.11595
0.0531919
0.0572773
0.115442
0.116564
0.105514
0.0498614
0.0540726
0.0468178
0.117371
0.121933
0.0613414
1.15009e-08
0.00107016
0.000236997
0.000151576
1.56142e-08
-3.99504e-24
-0.309283
0.138545
0.172888
0.146687
-0.299808
0.149316
-0.306565
0.139088
0.0152693
0.0968327
0.0458397
0.148536
0.209716
0.165821
0.22691
0.135586
-0.314954
1.20117e-06
2.2971e-07
0.00402394
0.0106446
0.111079
0.15784
0.149688
-0.332514
0.152511
-0.262112
0.000170394
0.104129
-0.316563
-0.291934
5.61999e-05
1.52788e-07
9.37293e-09
0.000387711
-8.0237e-13
0.000533087
0.000131247
3.49947e-07
0.000125488
0.000891342
0.00256241
0.000243124
0.000484418
0.00386186
1.93905e-05
0.00084403
0.000815697
8.4081e-08
7.64764e-08
2.35146e-06
0.000111058
0.000858873
0.00290218
0.0097968
0.00898906
0.0123137
0.0017554
0.00493649
0.00578369
0.00473839
0.0119737
5.25423e-06
2.27773e-05
0.00344544
4.89781e-07
0.0303449
0.0346473
8.02856e-07
2.81034e-06
0.00451579
0.0337597
0.00472231
0.0424538
0.0394824
0.00585406
0.0442985
0.0413696
0.00833975
0.0392925
0.00497764
0.0130035
0.0148285
0.0372821
0.0329327
0.0340896
0.0180745
0.000143627
0.000822443
1.12612e-08
9.05172e-07
2.08229e-05
0.000729518
0.0118158
0.0172883
0.0382406
0.0472166
0.100947
0.0472099
0.101588
0.11469
0.0554593
0.0580389
0.0483411
0.126763
0.113217
0.121078
0.0492165
0.0731809
0.0252416
0.00253865
0.000742938
1.21588e-06
7.67662e-09
0.
0.149572
-0.290488
-0.181923
-0.313688
0.14544
-0.308965
0.148854
-0.297686
0.033176
0.0514624
0.118855
-0.334541
0.0787822
-0.203
-0.390652
-0.287595
0.148811
4.10451e-06
6.78632e-08
0.00101714
0.00354854
0.0512494
-0.332261
-0.333561
0.150837
-0.286276
0.15362
7.3185e-06
0.0420478
0.151155
0.177828
Process [1]
1.18252e-14
1.78111e-06
1.7732e-08
0.
0.000101711
0.000256619
2.26003e-05
-1.09573e-23
0.
3.39704e-07
1.90692e-06
0.
0.
8.47369e-08
3.66354e-08
1.10053e-06
5.41717e-05
1.42651e-06
0.00416316
0.00039765
0.00393256
7.71588e-09
0.
0.
0.000431449
4.12506e-09
0.00480067
0.0123698
3.75981e-09
6.66947e-07
0.0123223
0.00385066
0.000171235
0.00400898
0.
0.
0.
0.
0.
1.96898e-37
3.2871e-07
8.65159e-06
0.000150917
0.000180197
0.00314155
0.00456018
0.0374688
0.00104534
0.033286
0.014462
0.0391545
0.
0.
0.0405644
8.88896e-05
0.
0.
0.0032306
6.81523e-06
0.0437578
0.0513259
0.0547059
0.0532801
0.109219
0.0481595
0.110903
0.
0.
0.
0.
0.0115795
0.0342739
-5.65724e-08
0.000618656
4.14393e-06
-1.10925e-24
0.
0.
0.
0.
0.
1.72473e-05
0.000190353
0.0002386
0.0045887
-0.288556
0.
0.0384483
-0.333934
0.
0.142392
0.105268
-0.291057
0.0341086
0.043218
-0.340398
0.
0.
0.
0.140141
0.14891
-0.316094
0.0355523
0.153668
0.
1.25585e-05
0.
0.00543219
6.36436e-05
0.
1.33239e-06
6.98843e-05
9.75534e-16
0.
3.16439e-08
0.000383181
8.84396e-05
2.99968e-06
7.39542e-15
-6.58721e-24
-7.39542e-15
5.11251e-06
0.
-1.33257e-23
2.56059e-08
1.78242e-07
3.5917e-05
0.000590983
4.83397e-14
0.000980272
8.52454e-05
0.00119478
-2.16214e-16
2.16214e-16
0.
0.00207322
1.22775e-24
0.0117556
0.00553759
3.56168e-07
1.37832e-06
0.00550593
0.00910092
0.000330491
0.00119304
0.
0.
0.
0.
2.45897e-07
-3.75981e-09
8.2048e-07
1.83325e-06
3.04947e-05
0.00055272
0.00104283
0.011905
0.0174505
0.0038604
0.0138351
0.00534754
0.0183902
0.
0.
0.0181939
2.67083e-06
0.
0.
0.00103731
1.18521e-05
0.0954765
0.107892
0.116504
0.115466
0.0532264
0.116588
0.0415253
0.
0.
0.
0.
0.00531627
0.0152599
0.
0.000183251
5.65724e-08
0.
0.
0.
0.
0.
5.52607e-05
7.20461e-05
0.000917485
0.0016072
0.141433
0.
0.0159382
0.153391
0.
-0.289782
0.0451559
0.135678
0.0175601
0.12441
0.160686
0.
0.
0.
-0.318208
-0.309912
0.140391
0.017694
-0.334743
0.
3.01418e-21
0.
0.0139506
3.58431e-05
0.
