Vec Object: 1 MPI process
  type: mpi
Process [0]
1.45706e-06
2.12751e-06
3.56708e-06
2.52619e-06
7.47143e-06
1.01173e-09
0.
3.41585e-07
6.54862e-18
0.
0.
-1.8283e-13
1.60726e-14
0.
0.
0.
0.
2.13622e-17
4.40065e-18
3.593e-11
7.25188e-11
0.
0.
3.78676e-07
1.43172e-09
7.44777e-05
0.000169117
0.
0.
5.70448e-06
4.3946e-06
0.
0.
3.589e-07
3.74491e-07
0.
1.30196e-19
4.76525e-07
7.11774e-09
0.
0.
1.13536e-06
7.46271e-07
7.96273e-09
1.33702e-09
0.
0.
2.4933e-16
0.
1.26432e-08
9.3198e-09
9.3003e-11
2.07254e-10
-5.99086e-16
-2.60999e-16
7.545e-09
2.48918e-09
0.
0.
0.
0.
3.31901e-05
2.30854e-05
3.26552e-05
0.00011331
1.76656e-11
-1.77685e-11
-1.24069e-18
-4.23526e-14
0.
0.
0.
0.
3.87124e-12
3.37985e-13
7.30461e-18
5.57443e-16
3.64834e-11
3.79687e-11
3.23465e-06
1.18788e-06
1.73594e-06
2.23139e-06
8.39779e-05
0.00159086
3.15196e-07
6.0883e-07
2.62317e-07
4.90659e-08
1.19443e-06
1.24105e-06
0.
0.
2.48282e-10
3.8709e-11
2.20787e-13
1.74987e-05
2.54799e-06
0.
0.
1.74824e-09
-1.99929e-12
0.
0.
-1.91574e-13
5.61699e-15
0.
0.
4.86276e-05
1.99023e-05
-4.29922e-12
-5.69143e-14
0.
0.
0.
0.
0.
0.
5.43632e-05
8.35068e-05
5.03091e-07
1.56354e-06
0.
0.
0.
0.
0.
0.
2.6525e-05
6.41011e-06
1.18485e-05
4.94881e-06
1.40667e-08
4.48061e-10
0.
0.
6.24878e-13
1.49371e-12
9.14638e-05
-0.00170466
0.
0.
1.61818e-06
7.6716e-05
-6.28938e-10
8.5394e-08
0.
0.
4.91903e-05
2.70502e-05
1.24199e-05
2.53691e-05
5.73196e-10
5.39272e-06
8.57521e-07
1.37208e-06
1.85908e-06
-0.000131908
0.000858469
6.55908e-11
7.80755e-11
0.
0.
-5.50415e-12
-1.19446e-14
0.
0.
0.
0.
4.34537e-08
5.87943e-07
0.
0.
0.
0.
2.56934e-07
4.98519e-07
0.000141483
4.61572e-05
4.46864e-06
2.47413e-06
1.26916e-05
4.17686e-06
0.
0.
0.
0.
5.35269e-18
-1.26202e-14
1.58376e-08
1.53595e-07
3.39981e-07
1.02279e-08
5.50772e-05
-9.38442e-05
-5.26369e-15
-5.83816e-15
5.41383e-05
4.8184e-05
0.
0.
1.97732e-11
-5.15163e-11
-5.94561e-12
-2.27057e-11
1.14274e-06
6.68703e-06
5.0119e-07
6.31716e-06
0.
0.
4.01637e-07
0.
0.
5.32151e-06
5.39664e-06
3.14709e-09
0.
4.79985e-20
0.
0.
0.
0.
7.61894e-18
-5.74605e-14
-2.80195e-11
7.75982e-06
-3.43775e-05
-4.43129e-11
7.28492e-11
1.24749e-09
3.60728e-10
1.03918e-07
8.59779e-07
0.
0.
-3.60619e-15
1.27697e-17
4.80513e-06
-8.82239e-16
0.
0.
0.
7.87005e-06
2.28712e-05
7.08965e-13
8.91195e-13
7.20004e-10
3.31942e-12
0.
0.
0.
1.90474e-18
0.
0.
2.37605e-07
7.0466e-08
3.24726e-13
-1.061e-13
0.
0.
3.14561e-17
-2.21389e-16
0.
1.48535e-16
5.54703e-09
1.98599e-07
1.12893e-05
2.79378e-05
0.
0.
0.
3.39174e-17
5.84193e-08
4.37544e-10
5.40783e-06
8.29009e-07
1.51025e-05
8.79455e-06
6.25047e-19
-6.17969e-21
1.61508e-17
2.5039e-13
2.51619e-08
1.39904e-08
8.29979e-06
1.12644e-07
0.
0.
1.2858e-12
-1.96924e-16
3.45641e-07
2.59536e-07
0.
0.
1.51136e-10
5.57934e-08
0.
6.28715e-13
1.31546e-12
0.
0.
0.
0.
1.85666e-05
1.50219e-06
1.3581e-05
3.84381e-05
2.369e-05
3.62837e-05
1.28409e-10
0.
-1.69461e-15
-1.27975e-13
7.5497e-13
9.78072e-08
1.97028e-08
1.02189e-07
-2.13118e-15
-7.19352e-12
1.16104e-09
-2.66242e-11
1.18201e-05
1.10135e-06
6.13879e-07
3.27575e-09
-2.71477e-14
4.68996e-10
6.63712e-09
0.
0.
2.53259e-05
1.70761e-05
0.
0.
8.64835e-11
-5.35645e-11
2.23718e-07
1.66483e-06
5.59646e-13
3.87878e-09
5.43606e-09
2.65654e-12
9.56912e-09
2.53352e-07
-2.30999e-14
8.80773e-15
6.38389e-14
1.89615e-19
0.
0.
7.5026e-08
8.32449e-16
-3.78092e-13
1.13937e-18
6.61557e-19
1.00671e-06
3.13373e-06
7.27327e-08
2.61552e-06
0.
0.
1.13595e-09
1.29005e-14
3.13353e-08
3.86087e-07
3.29671e-11
2.19639e-17
1.3259e-07
4.12088e-13
0.
0.
0.
3.10583e-06
1.58345e-05
6.25538e-06
2.06326e-07
2.56707e-07
0.
0.
0.
-5.20838e-16
-1.77311e-15
0.
0.
-0.000141134
-0.00088053
0.
0.
0.
0.
0.
-0.000125716
0.000303024
0.
0.
0.
0.
9.85907e-18
0.000392022
0.
0.
0.
0.
0.00207017
-0.000258009
0.
4.44695e-10
3.96963e-08
-0.000138226
1.53768e-06
2.09751e-07
2.65224e-08
0.
0.
-3.70505e-05
1.29191e-05
3.97521e-05
3.06456e-06
-0.00012834
6.1236e-06
0.
0.
0.
0.
2.78725e-07
1.68801e-06
2.1552e-07
3.55471e-07
0.000772449
3.01547e-05
0.
0.
-0.000100423
4.37076e-05
0.
0.
0.
0.
-1.29311e-16
-0.00123936
0.
0.
-2.79293e-14
0.
0.00121224
7.50353e-05
2.55955e-11
-7.34336e-14
0.
0.
-2.03759e-05
0.000282159
0.000217205
4.96664e-05
0.
0.
0.
2.2079e-10
7.62377e-12
0.000137723
-0.00183449
-6.27298e-15
1.5685e-12
0.
0.
0.
0.
0.
-0.000715192
0.000174008
0.
0.
0.
0.
0.
9.83456e-08
-0.00362348
1.38695e-05
4.85565e-09
7.75542e-08
-0.00136758
7.79271e-05
0.
0.
0.
1.56392e-05
1.7019e-05
0.
0.
4.84138e-06
8.68766e-06
0.00125633
-2.13962e-05
5.348e-08
1.33523e-08
2.0318e-08
2.56258e-09
1.57896e-05
0.
0.
7.45797e-11
0.000321079
-2.10038e-12
6.02561e-06
2.59386e-06
0.
0.
0.
0.
0.000284409
0.00109712
0.000185116
-0.0013826
0.
0.
0.
-6.3509e-15
0.
0.
0.
0.
8.25678e-11
6.35247e-08
0.000979108
9.56452e-06
-1.75887e-11
8.98562e-10
0.
0.
1.23098e-05
0.000856497
0.
0.
0.
0.
5.41331e-17
1.09532e-17
0.
0.
-3.55998e-16
0.
0.
0.
0.000211226
4.91226e-05
5.16155e-08
8.99559e-09
1.04679e-07
1.97069e-08
8.19535e-07
2.1733e-06
8.93415e-10
-2.10069e-11
1.26298e-08
2.09064e-09
0.
0.
3.15296e-06
2.79891e-06
5.43321e-08
7.12936e-08
-4.36267e-12
0.
9.78747e-05
8.70915e-05
2.38259e-10
-2.15095e-14
-1.61571e-13
1.39917e-05
4.48537e-08
-1.06837e-20
1.4512e-20
6.92627e-10
-1.13548e-13
0.
0.
0.
9.60111e-14
2.27552e-18
0.
0.
0.
0.
0.
-0.000394768
2.77342e-06
-5.9398e-15
2.25015e-07
2.06988e-10
0.
1.39206e-20
2.78851e-06
3.55501e-05
8.81485e-10
-2.35889e-11
2.53747e-08
7.71531e-18
6.04845e-09
8.43823e-07
2.44777e-15
0.
2.2599e-20
7.98043e-06
1.09771e-07
0.000101809
0.000114233
4.71238e-06
0.
0.
0.
0.
1.18528e-17
1.79264e-06
4.26036e-10
1.91115e-20
5.69735e-09
-9.84336e-14
8.52032e-14
2.14618e-11
3.56701e-14
0.
0.
2.83653e-09
9.98792e-16
1.54898e-07
0.000251931
0.000159702
2.91256e-11
0.
0.
2.48414e-06
-0.00345832
0.
-3.41996e-12
6.43879e-05
5.68425e-11
-0.0029925
7.91837e-05
0.
0.
0.
0.00115464
0.000283879
0.
0.
1.4154e-08
0.000167009
0.
0.
4.72093e-07
0.
0.
3.93884e-07
0.000312328
0.
0.
3.18117e-08
0.000348449
0.
4.43443e-18
-7.50426e-15
0.
-1.07648e-16
-8.27221e-17
0.
0.
-2.75777e-05
-6.52818e-10
0.
0.
0.000442133
1.14927e-07
0.
0.000205701
2.8317e-09
0.
0.
0.00124552
1.5738e-08
0.
0.
0.00010843
0.
0.
6.82067e-05
5.35802e-06
-0.00135082
0.00124101
0.
0.
-7.71794e-06
