Vec Object: 1 MPI process
  type: mpi
Process [0]
0.000228809
0.000276629
0.000330671
0.000335417
0.000394361
4.08296e-05
7.24745e-10
0.000201447
4.84126e-07
2.27674e-10
3.23091e-09
3.84985e-06
1.31212e-06
4.10104e-08
7.983e-09
1.23993e-11
3.73256e-11
4.36249e-07
1.75281e-07
2.37154e-05
3.70839e-05
7.39786e-13
2.42252e-11
0.000229239
0.000139052
0.000213233
-0.000523971
7.31654e-11
8.69542e-10
0.000413398
0.000269043
7.48913e-10
3.06531e-10
0.000236637
0.000159481
8.74587e-08
9.80982e-08
0.000250687
0.000135092
2.03252e-09
3.78601e-10
0.000199671
0.000225898
3.16375e-05
2.61424e-05
4.43283e-08
3.32078e-09
1.57529e-06
4.81546e-07
7.44693e-05
9.13047e-05
2.09668e-05
3.72063e-05
2.43205e-06
4.21145e-06
4.97751e-05
5.24288e-05
2.08902e-08
6.14779e-09
1.04362e-08
2.03156e-08
0.000175739
0.000198977
0.000445221
-5.71652e-05
1.40511e-05
9.04161e-06
3.8469e-07
1.90559e-06
1.30446e-07
3.6128e-07
5.81619e-09
3.01962e-08
7.28498e-06
1.77613e-06
7.05411e-07
3.00294e-06
1.89798e-05
3.9309e-05
0.000355619
0.000305103
0.000267839
0.000329868
1.41752e-05
-0.00152723
0.000152619
0.000144644
0.000137139
7.58487e-05
0.000193092
0.000233304
1.27734e-11
8.16656e-13
5.30947e-05
1.09036e-05
3.23928e-06
0.000577467
0.000335925
1.33096e-10
2.75333e-09
2.78762e-05
1.26378e-05
3.15445e-08
8.43643e-09
2.73729e-06
2.39738e-06
4.09535e-09
4.44026e-09
8.19405e-05
0.000378235
4.38449e-06
1.39523e-06
1.05678e-10
2.49515e-10
6.35918e-11
3.30785e-11
2.57427e-08
3.51718e-08
0.000187211
-0.000430918
0.000147167
0.000153554
1.24281e-09
3.70766e-10
2.87482e-08
4.73947e-09
1.94692e-08
4.10141e-08
0.000451865
0.00039878
0.00018838
3.3506e-05
6.36451e-05
2.446e-05
7.05188e-09
5.33322e-09
1.81905e-05
5.8228e-06
0.000160408
-0.00243911
2.89241e-10
6.2202e-10
0.000103414
0.000216325
3.76985e-05
0.000102717
3.05744e-09
3.70453e-10
0.000267691
0.000228698
0.000204191
-4.28031e-05
5.52184e-05
0.000396772
0.000343141
0.000251957
0.000321359
-0.000533918
1.48603e-05
2.7168e-05
1.89979e-05
8.41203e-09
2.14382e-09
9.37441e-06
4.43996e-06
3.25946e-10
7.7807e-12
1.46209e-11
5.83404e-12
0.000113275
0.000218839
6.21936e-07
1.88375e-07
1.02464e-06
1.29684e-06
9.26484e-05
0.000117769
-2.21899e-05
0.000469843
0.000398943
0.000307893
0.000330852
0.000202139
8.63525e-08
1.17708e-07
1.42039e-11
1.38278e-10
3.5766e-07
9.99169e-07
0.000100713
0.000170418
0.00019484
8.63643e-05
0.000389998
-0.00035704
4.44971e-06
1.80418e-06
0.000610131
0.000568061
1.06245e-09
9.79118e-10
3.92856e-05
2.29948e-05
8.12672e-06
1.18322e-05
0.000159596
0.000173201
0.000257477
0.000355877
1.0353e-09
6.65346e-10
0.00016844
5.9264e-11
5.786e-10
0.000357443
0.000359705
2.87926e-05
2.33391e-08
3.45442e-08
5.05083e-08
1.45403e-08
1.62807e-10
2.67237e-07
4.10614e-07
4.33802e-06
1.39496e-05
0.000120784
-0.000430883
4.41898e-05
6.26494e-05
3.0869e-05
1.35639e-05
0.000130604
0.000260554
1.1953e-09
1.88271e-09
3.17193e-07
1.53255e-07
0.000454534
2.80113e-06
2.41798e-07
3.89822e-10
1.32105e-08
0.000409557
0.000495378
3.36245e-06
5.65807e-06
1.72254e-05
7.01545e-06
7.92075e-08
5.08562e-08
1.33101e-08
1.91853e-07
1.60577e-10
2.04035e-09
0.00013378
0.000115341
9.24413e-06
4.98591e-06
7.36978e-09
4.63615e-10
1.25638e-06
9.45436e-07
2.75126e-07
8.29974e-07
9.09448e-05
0.00017761
0.000373489
0.000416559
1.6119e-08
2.04414e-09
3.47927e-08
3.62422e-07
6.41497e-05
2.01055e-05
0.000100236
0.000138188
0.000372361
0.000374788
6.79434e-08
2.13953e-08
1.13584e-07
1.32213e-06
7.60623e-05
4.79732e-05
0.000496257
0.000172275
5.36342e-09
1.65024e-08
3.08628e-06
8.7074e-07
0.000204249
0.000273114
1.55813e-08
2.72591e-09
2.27514e-05
9.32965e-05
9.01689e-11
3.43978e-06
1.12344e-05
1.50211e-08
1.29879e-10
6.43095e-08
6.76526e-08
0.000340291
0.000285111
0.000455712
0.00036025
0.000574924
0.000536018
4.19936e-05
1.16749e-07
1.86952e-06
1.18036e-05
2.89101e-05
0.000106706
7.60076e-05
0.000107703
6.71609e-07
6.47128e-06
3.70334e-05
7.24625e-06
0.000108303
0.000296928
0.000244279
3.48934e-05
2.93172e-06
8.39933e-05
6.34898e-05
5.00997e-08
6.04459e-09
0.000279707
0.000497297
1.86235e-07
2.97778e-08
1.44354e-05
1.47997e-05
0.000117826
0.000144639
7.46365e-06
5.17429e-05
4.56355e-05
5.15725e-06
8.73231e-05
0.000189224
1.51657e-06
7.23211e-07
5.72981e-07
7.12469e-08
4.20172e-07
9.66397e-09
0.000162256
6.94761e-07
4.35627e-06
8.05536e-08
1.78439e-07
0.000264063
0.000347256
0.000136691
0.000424122
1.33372e-08
4.75856e-09
1.30295e-05
2.16008e-06
0.000104611
0.000110755
9.96435e-06
1.13996e-06
0.000192515
7.66003e-06
6.06079e-10
5.91578e-09
7.82264e-10
0.000372472
0.000435057
0.00039652
0.000152224
0.00022137
9.8501e-09
3.37943e-10
1.91664e-09
2.21835e-06
4.50009e-06
2.66764e-07
5.98469e-07
-0.0034766
-0.00416382
4.14949e-11
2.69126e-12
2.7706e-09
8.53106e-11
6.46366e-10
-0.00057189
0.000465855
1.85916e-11
2.48045e-11
2.57775e-12
9.19982e-12
4.25709e-07
-0.00126294
6.3423e-08
4.0441e-08
1.26953e-11
7.28363e-13
0.000106084
-0.000662231
1.97887e-10
4.02413e-05
7.89715e-05
-0.000947877
4.18791e-05
0.000148779
8.65472e-05
3.91036e-14
1.9827e-12
-5.80348e-06
0.000369679
0.000613654
0.000302021
-9.92787e-05
-0.000240564
1.16813e-12
2.63599e-11
2.67905e-10
1.55897e-11
0.00024135
0.000293375
0.000127026
0.000201088
0.000885471
0.00023079
5.17854e-09
1.80312e-10
-0.00213916
3.34991e-05
9.93079e-08
2.87688e-08
6.33169e-11
1.30932e-10
8.01441e-07
-0.00527835
1.5191e-11
2.03622e-10
3.76218e-06
9.09758e-07
-0.000529142
-0.000880596
1.94048e-05
5.0192e-06
4.02488e-12
5.45066e-11
0.000246459
-0.000129857
0.000194116
0.000445602
1.08927e-12
5.74225e-13
1.7733e-11
2.4517e-05
1.10113e-05
0.000625528
-0.00348171
2.46939e-06
1.3791e-05
4.56071e-11
1.00308e-09
2.40949e-13
2.13236e-07
1.37998e-07
-0.00355254
-0.000710838
4.64253e-10
7.76149e-08
7.70494e-13
2.78873e-11
1.80728e-10
0.000179487
-0.00979305
0.000138655
5.24274e-05
0.00012397
-0.00197077
0.000470795
4.7372e-11
1.90067e-12
5.29204e-09
0.000428861
0.000303352
7.98251e-13
3.31322e-13
0.000178393
0.000364993
-0.00092767
-0.000140207
8.82743e-05
4.25251e-05
5.64742e-05
5.39753e-05
0.00042518
2.26925e-13
8.5678e-10
1.40148e-05
0.000354558
4.64138e-06
0.000165953
0.000154773
4.70161e-13
1.32254e-11
7.52512e-09
2.82716e-09
-0.000129912
0.000838144
0.000377588
-0.00214902
7.64979e-15
2.14515e-11
4.50262e-11
3.24813e-07
4.31039e-09
1.73372e-08
2.74682e-11
1.47343e-10
3.60011e-05
0.000118657
-0.000433727
-0.000237047
1.17037e-05
3.4774e-05
1.404e-09
1.2869e-09
0.000399318
-7.66838e-05
3.59499e-09
5.34735e-10
1.36309e-07
8.65949e-10
7.52342e-07
3.33947e-07
1.96013e-12
3.83658e-09
9.86104e-07
1.42651e-07
1.91552e-07
3.89095e-08
-0.000593428
0.000399024
0.000102333
5.90286e-05
8.8591e-05
7.14763e-05
0.000196822
0.000192738
1.94553e-05
8.91478e-06
6.92312e-05
0.000109528
1.21733e-10
2.81538e-09
0.000156706
0.000164811
0.000117638
7.12518e-05
5.9861e-06
3.40009e-07
0.000704546
3.32151e-05
4.06237e-05
1.91797e-06
3.94645e-06
0.000538842
0.000141189
1.02695e-07
5.78986e-07
3.26452e-05
2.01894e-06
1.38905e-11
6.78717e-09
1.6922e-09
7.21437e-07
4.71628e-08
3.33417e-08
1.60949e-08
1.46408e-08
4.02875e-11
9.0623e-08
-0.00203472
0.00034437
6.70443e-06
0.000177623
1.27866e-05
5.58512e-12
2.49193e-08
0.000174592
0.000624342
6.80812e-05
2.0923e-05
9.76487e-05
1.14868e-07
4.1974e-05
0.000280318
1.09071e-06
1.99592e-06
5.71431e-08
0.000455546
0.000115551
8.006e-05
4.22335e-05
0.000365212
2.17323e-11
4.12992e-08
9.60723e-13
2.59447e-09
1.2887e-07
0.000308655
3.13427e-05
5.03349e-08
6.68854e-05
1.92948e-05
4.22033e-06
1.25798e-05
6.37043e-06
1.1118e-12
6.54569e-07
5.06358e-05
8.39128e-07
0.000147121
-0.00250737
0.000657378
6.13219e-06
2.65606e-14
2.00051e-09
0.000318067
-0.00703486
3.77407e-10
7.97044e-06
0.000330394
1.66592e-05
-0.00701367
0.000165886
1.13082e-12
5.13186e-11
3.36153e-12
-6.3594e-06
-0.000801455
1.44715e-09
8.03216e-11
0.000136384
-0.000857058
6.85415e-13
1.58075e-10
0.000165944
4.06575e-12
1.05774e-08
0.000161073
0.00042107
3.60296e-10
7.09192e-09
8.92015e-05
-0.00162611
1.04289e-10
3.92048e-07
3.85466e-06
5.42311e-10
1.13551e-06
9.43404e-07
3.58811e-07
2.76416e-12
-0.00304301
5.08231e-05
1.07205e-07
3.03103e-11
-0.00115675
0.000158389
1.39879e-11
-0.000967784
7.11267e-05
6.69052e-11
5.97577e-09
-0.0018071
9.05325e-05
3.97637e-09
8.09192e-12
0.000432136
4.08201e-12
5.25779e-11
0.000470088
0.000409472
-0.00109289
0.000292396
1.49617e-14
2.95469e-12
7.59262e-05
